Slot;Anzahl;Anzahl_Sum;relativer_Anteil;relativer_Anteil_Sum
2701;2;2;0.001261034;0.001261034
2702;6;8;0.0037831021;0.0050441362
2703;2;10;0.001261034;0.0063051702
2704;4;14;0.0025220681;0.0088272383
2705;14;28;0.0088272383;0.0176544767
2706;2;30;0.001261034;0.0189155107
2707;6;36;0.0037831021;0.0226986129
2708;0;36;0;0.0226986129
2709;1;37;0.000630517;0.0233291299
2710;11;48;0.0069356873;0.0302648172
2711;2;50;0.001261034;0.0315258512
2712;1;51;0.000630517;0.0321563682
2713;5;56;0.0031525851;0.0353089533
2714;4;60;0.0025220681;0.0378310214
2715;12;72;0.0075662043;0.0453972257
2716;6;78;0.0037831021;0.0491803279
2717;3;81;0.0018915511;0.0510718789
2718;1;82;0.000630517;0.051702396
2719;1;83;0.000630517;0.052332913
2720;14;97;0.0088272383;0.0611601513
2721;0;97;0;0.0611601513
2722;1;98;0.000630517;0.0617906683
2723;3;101;0.0018915511;0.0636822194
2724;3;104;0.0018915511;0.0655737705
2725;8;112;0.0050441362;0.0706179067
2726;3;115;0.0018915511;0.0725094578
2727;5;120;0.0031525851;0.0756620429
2728;1;121;0.000630517;0.0762925599
2729;5;126;0.0031525851;0.079445145
2730;14;140;0.0088272383;0.0882723834
2731;3;143;0.0018915511;0.0901639344
2732;2;145;0.001261034;0.0914249685
2733;3;148;0.0018915511;0.0933165195
2734;1;149;0.000630517;0.0939470366
2735;20;169;0.0126103405;0.106557377
2736;2;171;0.001261034;0.1078184111
2737;6;177;0.0037831021;0.1116015132
2738;1;178;0.000630517;0.1122320303
2739;3;181;0.0018915511;0.1141235813
2740;7;188;0.0044136192;0.1185372005
2741;1;189;0.000630517;0.1191677175
2742;1;190;0.000630517;0.1197982346
2743;4;194;0.0025220681;0.1223203026
2744;2;196;0.001261034;0.1235813367
2745;7;203;0.0044136192;0.1279949559
2746;2;205;0.001261034;0.1292559899
2747;0;205;0;0.1292559899
2748;2;207;0.001261034;0.130517024
2749;2;209;0.001261034;0.131778058
2750;9;218;0.0056746532;0.1374527112
2751;3;221;0.0018915511;0.1393442623
2752;2;223;0.001261034;0.1406052963
2753;2;225;0.001261034;0.1418663304
2754;1;226;0.000630517;0.1424968474
2755;12;238;0.0075662043;0.1500630517
2756;1;239;0.000630517;0.1506935687
2757;3;242;0.0018915511;0.1525851198
2758;3;245;0.0018915511;0.1544766709
2759;3;248;0.0018915511;0.1563682219
2760;11;259;0.0069356873;0.1633039092
2761;0;259;0;0.1633039092
2762;2;261;0.001261034;0.1645649433
2763;2;263;0.001261034;0.1658259773
2764;2;265;0.001261034;0.1670870113
2765;16;281;0.0100882724;0.1771752837
2766;4;285;0.0025220681;0.1796973518
2767;1;286;0.000630517;0.1803278689
2768;2;288;0.001261034;0.1815889029
2769;2;290;0.001261034;0.1828499369
2770;15;305;0.0094577554;0.1923076923
2771;1;306;0.000630517;0.1929382093
2772;2;308;0.001261034;0.1941992434
2773;2;310;0.001261034;0.1954602774
2774;2;312;0.001261034;0.1967213115
2775;9;321;0.0056746532;0.2023959647
2776;2;323;0.001261034;0.2036569987
2777;1;324;0.000630517;0.2042875158
2778;2;326;0.001261034;0.2055485498
2779;4;330;0.0025220681;0.2080706179
2780;11;341;0.0069356873;0.2150063052
2781;2;343;0.001261034;0.2162673392
2782;0;343;0;0.2162673392
2783;1;344;0.000630517;0.2168978562
2784;2;346;0.001261034;0.2181588903
2785;8;354;0.0050441362;0.2232030265
2786;0;354;0;0.2232030265
2787;1;355;0.000630517;0.2238335435
2788;3;358;0.0018915511;0.2257250946
2789;1;359;0.000630517;0.2263556116
2790;18;377;0.0113493064;0.237704918
2791;4;381;0.0025220681;0.2402269861
2792;2;383;0.001261034;0.2414880202
2793;1;384;0.000630517;0.2421185372
2794;3;387;0.0018915511;0.2440100883
2795;15;402;0.0094577554;0.2534678436
2796;5;407;0.0031525851;0.2566204288
2797;1;408;0.000630517;0.2572509458
2798;7;415;0.0044136192;0.2616645649
2799;3;418;0.0018915511;0.263556116
2800;12;430;0.0075662043;0.2711223203
2801;1;431;0.000630517;0.2717528373
2802;1;432;0.000630517;0.2723833544
2803;4;436;0.0025220681;0.2749054224
2804;5;441;0.0031525851;0.2780580076
2805;10;451;0.0063051702;0.2843631778
2806;1;452;0.000630517;0.2849936948
2807;2;454;0.001261034;0.2862547289
2808;1;455;0.000630517;0.2868852459
2809;2;457;0.001261034;0.2881462799
2810;11;468;0.0069356873;0.2950819672
2811;3;471;0.0018915511;0.2969735183
2812;2;473;0.001261034;0.2982345523
2813;3;476;0.0018915511;0.3001261034
2814;1;477;0.000630517;0.3007566204
2815;9;486;0.0056746532;0.3064312736
2816;0;486;0;0.3064312736
2817;1;487;0.000630517;0.3070617907
2818;5;492;0.0031525851;0.3102143758
2819;1;493;0.000630517;0.3108448928
2820;4;497;0.0025220681;0.3133669609
2821;2;499;0.001261034;0.314627995
2822;3;502;0.0018915511;0.316519546
2823;1;503;0.000630517;0.3171500631
2824;3;506;0.0018915511;0.3190416141
2825;6;512;0.0037831021;0.3228247163
2826;3;515;0.0018915511;0.3247162673
2827;1;516;0.000630517;0.3253467844
2828;4;520;0.0025220681;0.3278688525
2829;2;522;0.001261034;0.3291298865
2830;12;534;0.0075662043;0.3366960908
2831;2;536;0.001261034;0.3379571248
2832;3;539;0.0018915511;0.3398486759
2833;1;540;0.000630517;0.3404791929
2834;1;541;0.000630517;0.34110971
2835;11;552;0.0069356873;0.3480453972
2836;3;555;0.0018915511;0.3499369483
2837;2;557;0.001261034;0.3511979823
2838;3;560;0.0018915511;0.3530895334
2839;4;564;0.0025220681;0.3556116015
2840;7;571;0.0044136192;0.3600252207
2841;2;573;0.001261034;0.3612862547
2842;3;576;0.0018915511;0.3631778058
2843;2;578;0.001261034;0.3644388398
2844;1;579;0.000630517;0.3650693569
2845;5;584;0.0031525851;0.368221942
2846;2;586;0.001261034;0.369482976
2847;2;588;0.001261034;0.3707440101
2848;1;589;0.000630517;0.3713745271
2849;1;590;0.000630517;0.3720050441
2850;16;606;0.0100882724;0.3820933165
2851;0;606;0;0.3820933165
2852;2;608;0.001261034;0.3833543506
2853;2;610;0.001261034;0.3846153846
2854;0;610;0;0.3846153846
2855;13;623;0.0081967213;0.3928121059
2856;2;625;0.001261034;0.39407314
2857;1;626;0.000630517;0.394703657
2858;4;630;0.0025220681;0.3972257251
2859;1;631;0.000630517;0.3978562421
2860;2;633;0.001261034;0.3991172762
2861;0;633;0;0.3991172762
2862;0;633;0;0.3991172762
2863;0;633;0;0.3991172762
2864;1;634;0.000630517;0.3997477932
2865;9;643;0.0056746532;0.4054224464
2866;1;644;0.000630517;0.4060529634
2867;0;644;0;0.4060529634
2868;1;645;0.000630517;0.4066834805
2869;2;647;0.001261034;0.4079445145
2870;6;653;0.0037831021;0.4117276166
2871;5;658;0.0031525851;0.4148802018
2872;0;658;0;0.4148802018
2873;3;661;0.0018915511;0.4167717528
2874;1;662;0.000630517;0.4174022699
2875;8;670;0.0050441362;0.4224464061
2876;1;671;0.000630517;0.4230769231
2877;1;672;0.000630517;0.4237074401
2878;0;672;0;0.4237074401
2879;1;673;0.000630517;0.4243379571
2880;7;680;0.0044136192;0.4287515763
2881;0;680;0;0.4287515763
2882;2;682;0.001261034;0.4300126103
2883;1;683;0.000630517;0.4306431274
2884;1;684;0.000630517;0.4312736444
2885;8;692;0.0050441362;0.4363177806
2886;1;693;0.000630517;0.4369482976
2887;0;693;0;0.4369482976
2888;3;696;0.0018915511;0.4388398487
2889;2;698;0.001261034;0.4401008827
2890;6;704;0.0037831021;0.4438839849
2891;2;706;0.001261034;0.4451450189
2892;1;707;0.000630517;0.4457755359
2893;2;709;0.001261034;0.44703657
2894;1;710;0.000630517;0.447667087
2895;5;715;0.0031525851;0.4508196721
2896;2;717;0.001261034;0.4520807062
2897;2;719;0.001261034;0.4533417402
2898;3;722;0.0018915511;0.4552332913
2899;3;725;0.0018915511;0.4571248424
2900;10;735;0.0063051702;0.4634300126
2901;5;740;0.0031525851;0.4665825977
2902;1;741;0.000630517;0.4672131148
2903;4;745;0.0025220681;0.4697351828
2904;4;749;0.0025220681;0.4722572509
2905;11;760;0.0069356873;0.4791929382
2906;2;762;0.001261034;0.4804539723
2907;0;762;0;0.4804539723
2908;1;763;0.000630517;0.4810844893
2909;0;763;0;0.4810844893
2910;10;773;0.0063051702;0.4873896595
2911;1;774;0.000630517;0.4880201765
2912;1;775;0.000630517;0.4886506936
2913;1;776;0.000630517;0.4892812106
2914;0;776;0;0.4892812106
2915;6;782;0.0037831021;0.4930643127
2916;2;784;0.001261034;0.4943253468
2917;1;785;0.000630517;0.4949558638
2918;2;787;0.001261034;0.4962168979
2919;1;788;0.000630517;0.4968474149
2920;3;791;0.0018915511;0.498738966
2921;1;792;0.000630517;0.499369483
2922;3;795;0.0018915511;0.501261034
2923;1;796;0.000630517;0.5018915511
2924;1;797;0.000630517;0.5025220681
2925;9;806;0.0056746532;0.5081967213
2926;0;806;0;0.5081967213
2927;1;807;0.000630517;0.5088272383
2928;0;807;0;0.5088272383
2929;1;808;0.000630517;0.5094577554
2930;6;814;0.0037831021;0.5132408575
2931;0;814;0;0.5132408575
2932;1;815;0.000630517;0.5138713745
2933;1;816;0.000630517;0.5145018916
2934;1;817;0.000630517;0.5151324086
2935;6;823;0.0037831021;0.5189155107
2936;0;823;0;0.5189155107
2937;1;824;0.000630517;0.5195460277
2938;3;827;0.0018915511;0.5214375788
2939;1;828;0.000630517;0.5220680958
2940;5;833;0.0031525851;0.525220681
2941;0;833;0;0.525220681
2942;1;834;0.000630517;0.525851198
2943;2;836;0.001261034;0.527112232
2944;1;837;0.000630517;0.5277427491
2945;10;847;0.0063051702;0.5340479193
2946;2;849;0.001261034;0.5353089533
2947;2;851;0.001261034;0.5365699874
2948;1;852;0.000630517;0.5372005044
2949;1;853;0.000630517;0.5378310214
2950;8;861;0.0050441362;0.5428751576
2951;0;861;0;0.5428751576
2952;2;863;0.001261034;0.5441361917
2953;2;865;0.001261034;0.5453972257
2954;0;865;0;0.5453972257
2955;3;868;0.0018915511;0.5472887768
2956;2;870;0.001261034;0.5485498108
2957;1;871;0.000630517;0.5491803279
2958;2;873;0.001261034;0.5504413619
2959;0;873;0;0.5504413619
2960;3;876;0.0018915511;0.552332913
2961;2;878;0.001261034;0.553593947
2962;1;879;0.000630517;0.5542244641
2963;4;883;0.0025220681;0.5567465322
2964;0;883;0;0.5567465322
2965;2;885;0.001261034;0.5580075662
2966;0;885;0;0.5580075662
2967;1;886;0.000630517;0.5586380832
2968;1;887;0.000630517;0.5592686003
2969;1;888;0.000630517;0.5598991173
2970;9;897;0.0056746532;0.5655737705
2971;1;898;0.000630517;0.5662042875
2972;2;900;0.001261034;0.5674653216
2973;2;902;0.001261034;0.5687263556
2974;0;902;0;0.5687263556
2975;2;904;0.001261034;0.5699873897
2976;4;908;0.0025220681;0.5725094578
2977;0;908;0;0.5725094578
2978;5;913;0.0031525851;0.5756620429
2979;0;913;0;0.5756620429
2980;4;917;0.0025220681;0.578184111
2981;1;918;0.000630517;0.578814628
2982;0;918;0;0.578814628
2983;1;919;0.000630517;0.579445145
2984;0;919;0;0.579445145
2985;1;920;0.000630517;0.580075662
2986;1;921;0.000630517;0.5807061791
2987;2;923;0.001261034;0.5819672131
2988;0;923;0;0.5819672131
2989;1;924;0.000630517;0.5825977301
2990;2;926;0.001261034;0.5838587642
2991;1;927;0.000630517;0.5844892812
2992;2;929;0.001261034;0.5857503153
2993;1;930;0.000630517;0.5863808323
2994;1;931;0.000630517;0.5870113493
2995;9;940;0.0056746532;0.5926860025
2996;0;940;0;0.5926860025
2997;1;941;0.000630517;0.5933165195
2998;0;941;0;0.5933165195
2999;2;943;0.001261034;0.5945775536
3000;6;949;0.0037831021;0.5983606557
3001;0;949;0;0.5983606557
3002;2;951;0.001261034;0.5996216898
3003;2;953;0.001261034;0.6008827238
3004;1;954;0.000630517;0.6015132409
3005;3;957;0.0018915511;0.6034047919
3006;1;958;0.000630517;0.604035309
3007;0;958;0;0.604035309
3008;2;960;0.001261034;0.605296343
3009;1;961;0.000630517;0.60592686
3010;5;966;0.0031525851;0.6090794451
3011;2;968;0.001261034;0.6103404792
3012;1;969;0.000630517;0.6109709962
3013;0;969;0;0.6109709962
3014;0;969;0;0.6109709962
3015;1;970;0.000630517;0.6116015132
3016;0;970;0;0.6116015132
3017;4;974;0.0025220681;0.6141235813
3018;0;974;0;0.6141235813
3019;2;976;0.001261034;0.6153846154
3020;8;984;0.0050441362;0.6204287516
3021;0;984;0;0.6204287516
3022;1;985;0.000630517;0.6210592686
3023;0;985;0;0.6210592686
3024;1;986;0.000630517;0.6216897856
3025;3;989;0.0018915511;0.6235813367
3026;1;990;0.000630517;0.6242118537
3027;4;994;0.0025220681;0.6267339218
3028;0;994;0;0.6267339218
3029;1;995;0.000630517;0.6273644388
3030;2;997;0.001261034;0.6286254729
3031;0;997;0;0.6286254729
3032;1;998;0.000630517;0.6292559899
3033;0;998;0;0.6292559899
3034;2;1000;0.001261034;0.630517024
3035;4;1004;0.0025220681;0.6330390921
3036;1;1005;0.000630517;0.6336696091
3037;3;1008;0.0018915511;0.6355611602
3038;2;1010;0.001261034;0.6368221942
3039;0;1010;0;0.6368221942
3040;7;1017;0.0044136192;0.6412358134
3041;0;1017;0;0.6412358134
3042;0;1017;0;0.6412358134
3043;0;1017;0;0.6412358134
3044;0;1017;0;0.6412358134
3045;6;1023;0.0037831021;0.6450189155
3046;2;1025;0.001261034;0.6462799496
3047;1;1026;0.000630517;0.6469104666
3048;2;1028;0.001261034;0.6481715006
3049;2;1030;0.001261034;0.6494325347
3050;7;1037;0.0044136192;0.6538461538
3051;2;1039;0.001261034;0.6551071879
3052;0;1039;0;0.6551071879
3053;0;1039;0;0.6551071879
3054;0;1039;0;0.6551071879
3055;11;1050;0.0069356873;0.6620428752
3056;0;1050;0;0.6620428752
3057;1;1051;0.000630517;0.6626733922
3058;1;1052;0.000630517;0.6633039092
3059;2;1054;0.001261034;0.6645649433
3060;3;1057;0.0018915511;0.6664564943
3061;0;1057;0;0.6664564943
3062;1;1058;0.000630517;0.6670870113
3063;0;1058;0;0.6670870113
3064;2;1060;0.001261034;0.6683480454
3065;3;1063;0.0018915511;0.6702395965
3066;1;1064;0.000630517;0.6708701135
3067;2;1066;0.001261034;0.6721311475
3068;1;1067;0.000630517;0.6727616646
3069;3;1070;0.0018915511;0.6746532156
3070;7;1077;0.0044136192;0.6790668348
3071;0;1077;0;0.6790668348
3072;0;1077;0;0.6790668348
3073;0;1077;0;0.6790668348
3074;0;1077;0;0.6790668348
3075;2;1079;0.001261034;0.6803278689
3076;1;1080;0.000630517;0.6809583859
3077;0;1080;0;0.6809583859
3078;0;1080;0;0.6809583859
3079;0;1080;0;0.6809583859
3080;4;1084;0.0025220681;0.683480454
3081;1;1085;0.000630517;0.684110971
3082;0;1085;0;0.684110971
3083;0;1085;0;0.684110971
3084;2;1087;0.001261034;0.685372005
3085;5;1092;0.0031525851;0.6885245902
3086;1;1093;0.000630517;0.6891551072
3087;1;1094;0.000630517;0.6897856242
3088;3;1097;0.0018915511;0.6916771753
3089;0;1097;0;0.6916771753
3090;3;1100;0.0018915511;0.6935687264
3091;0;1100;0;0.6935687264
3092;0;1100;0;0.6935687264
3093;2;1102;0.001261034;0.6948297604
3094;0;1102;0;0.6948297604
3095;5;1107;0.0031525851;0.6979823455
3096;1;1108;0.000630517;0.6986128625
3097;1;1109;0.000630517;0.6992433796
3098;0;1109;0;0.6992433796
3099;0;1109;0;0.6992433796
3100;4;1113;0.0025220681;0.7017654477
3101;1;1114;0.000630517;0.7023959647
3102;1;1115;0.000630517;0.7030264817
3103;0;1115;0;0.7030264817
3104;1;1116;0.000630517;0.7036569987
3105;6;1122;0.0037831021;0.7074401009
3106;2;1124;0.001261034;0.7087011349
3107;2;1126;0.001261034;0.709962169
3108;0;1126;0;0.709962169
3109;0;1126;0;0.709962169
3110;4;1130;0.0025220681;0.7124842371
3111;0;1130;0;0.7124842371
3112;3;1133;0.0018915511;0.7143757881
3113;1;1134;0.000630517;0.7150063052
3114;0;1134;0;0.7150063052
3115;3;1137;0.0018915511;0.7168978562
3116;1;1138;0.000630517;0.7175283733
3117;2;1140;0.001261034;0.7187894073
3118;0;1140;0;0.7187894073
3119;0;1140;0;0.7187894073
3120;4;1144;0.0025220681;0.7213114754
3121;0;1144;0;0.7213114754
3122;1;1145;0.000630517;0.7219419924
3123;1;1146;0.000630517;0.7225725095
3124;0;1146;0;0.7225725095
3125;5;1151;0.0031525851;0.7257250946
3126;1;1152;0.000630517;0.7263556116
3127;2;1154;0.001261034;0.7276166456
3128;3;1157;0.0018915511;0.7295081967
3129;0;1157;0;0.7295081967
3130;3;1160;0.0018915511;0.7313997478
3131;0;1160;0;0.7313997478
3132;0;1160;0;0.7313997478
3133;0;1160;0;0.7313997478
3134;0;1160;0;0.7313997478
3135;5;1165;0.0031525851;0.7345523329
3136;0;1165;0;0.7345523329
3137;1;1166;0.000630517;0.7351828499
3138;2;1168;0.001261034;0.736443884
3139;1;1169;0.000630517;0.737074401
3140;2;1171;0.001261034;0.7383354351
3141;0;1171;0;0.7383354351
3142;1;1172;0.000630517;0.7389659521
3143;0;1172;0;0.7389659521
3144;0;1172;0;0.7389659521
3145;4;1176;0.0025220681;0.7414880202
3146;0;1176;0;0.7414880202
3147;2;1178;0.001261034;0.7427490542
3148;3;1181;0.0018915511;0.7446406053
3149;0;1181;0;0.7446406053
3150;5;1186;0.0031525851;0.7477931904
3151;0;1186;0;0.7477931904
3152;3;1189;0.0018915511;0.7496847415
3153;0;1189;0;0.7496847415
3154;0;1189;0;0.7496847415
3155;2;1191;0.001261034;0.7509457755
3156;1;1192;0.000630517;0.7515762926
3157;0;1192;0;0.7515762926
3158;0;1192;0;0.7515762926
3159;0;1192;0;0.7515762926
3160;3;1195;0.0018915511;0.7534678436
3161;2;1197;0.001261034;0.7547288777
3162;0;1197;0;0.7547288777
3163;0;1197;0;0.7547288777
3164;1;1198;0.000630517;0.7553593947
3165;1;1199;0.000630517;0.7559899117
3166;1;1200;0.000630517;0.7566204288
3167;0;1200;0;0.7566204288
3168;1;1201;0.000630517;0.7572509458
3169;1;1202;0.000630517;0.7578814628
3170;1;1203;0.000630517;0.7585119798
3171;1;1204;0.000630517;0.7591424968
3172;1;1205;0.000630517;0.7597730139
3173;0;1205;0;0.7597730139
3174;0;1205;0;0.7597730139
3175;2;1207;0.001261034;0.7610340479
3176;1;1208;0.000630517;0.7616645649
3177;0;1208;0;0.7616645649
3178;1;1209;0.000630517;0.762295082
3179;0;1209;0;0.762295082
3180;2;1211;0.001261034;0.763556116
3181;0;1211;0;0.763556116
3182;2;1213;0.001261034;0.7648171501
3183;0;1213;0;0.7648171501
3184;0;1213;0;0.7648171501
3185;2;1215;0.001261034;0.7660781841
3186;0;1215;0;0.7660781841
3187;0;1215;0;0.7660781841
3188;0;1215;0;0.7660781841
3189;0;1215;0;0.7660781841
3190;3;1218;0.0018915511;0.7679697352
3191;2;1220;0.001261034;0.7692307692
3192;2;1222;0.001261034;0.7704918033
3193;0;1222;0;0.7704918033
3194;0;1222;0;0.7704918033
3195;2;1224;0.001261034;0.7717528373
3196;0;1224;0;0.7717528373
3197;0;1224;0;0.7717528373
3198;1;1225;0.000630517;0.7723833544
3199;1;1226;0.000630517;0.7730138714
3200;2;1228;0.001261034;0.7742749054
3201;1;1229;0.000630517;0.7749054224
3202;1;1230;0.000630517;0.7755359395
3203;1;1231;0.000630517;0.7761664565
3204;0;1231;0;0.7761664565
3205;3;1234;0.0018915511;0.7780580076
3206;0;1234;0;0.7780580076
3207;0;1234;0;0.7780580076
3208;0;1234;0;0.7780580076
3209;0;1234;0;0.7780580076
3210;2;1236;0.001261034;0.7793190416
3211;0;1236;0;0.7793190416
3212;0;1236;0;0.7793190416
3213;0;1236;0;0.7793190416
3214;0;1236;0;0.7793190416
3215;3;1239;0.0018915511;0.7812105927
3216;1;1240;0.000630517;0.7818411097
3217;0;1240;0;0.7818411097
3218;0;1240;0;0.7818411097
3219;0;1240;0;0.7818411097
3220;3;1243;0.0018915511;0.7837326608
3221;1;1244;0.000630517;0.7843631778
3222;1;1245;0.000630517;0.7849936948
3223;1;1246;0.000630517;0.7856242119
3224;1;1247;0.000630517;0.7862547289
3225;2;1249;0.001261034;0.7875157629
3226;0;1249;0;0.7875157629
3227;2;1251;0.001261034;0.788776797
3228;1;1252;0.000630517;0.789407314
3229;1;1253;0.000630517;0.790037831
3230;6;1259;0.0037831021;0.7938209332
3231;0;1259;0;0.7938209332
3232;1;1260;0.000630517;0.7944514502
3233;0;1260;0;0.7944514502
3234;0;1260;0;0.7944514502
3235;3;1263;0.0018915511;0.7963430013
3236;1;1264;0.000630517;0.7969735183
3237;0;1264;0;0.7969735183
3238;1;1265;0.000630517;0.7976040353
3239;1;1266;0.000630517;0.7982345523
3240;2;1268;0.001261034;0.7994955864
3241;2;1270;0.001261034;0.8007566204
3242;0;1270;0;0.8007566204
3243;0;1270;0;0.8007566204
3244;1;1271;0.000630517;0.8013871375
3245;3;1274;0.0018915511;0.8032786885
3246;0;1274;0;0.8032786885
3247;0;1274;0;0.8032786885
3248;1;1275;0.000630517;0.8039092055
3249;0;1275;0;0.8039092055
3250;4;1279;0.0025220681;0.8064312736
3251;0;1279;0;0.8064312736
3252;0;1279;0;0.8064312736
3253;0;1279;0;0.8064312736
3254;0;1279;0;0.8064312736
3255;1;1280;0.000630517;0.8070617907
3256;0;1280;0;0.8070617907
3257;0;1280;0;0.8070617907
3258;0;1280;0;0.8070617907
3259;0;1280;0;0.8070617907
3260;1;1281;0.000630517;0.8076923077
3261;2;1283;0.001261034;0.8089533417
3262;0;1283;0;0.8089533417
3263;1;1284;0.000630517;0.8095838588
3264;0;1284;0;0.8095838588
3265;2;1286;0.001261034;0.8108448928
3266;0;1286;0;0.8108448928
3267;0;1286;0;0.8108448928
3268;0;1286;0;0.8108448928
3269;1;1287;0.000630517;0.8114754098
3270;2;1289;0.001261034;0.8127364439
3271;1;1290;0.000630517;0.8133669609
3272;0;1290;0;0.8133669609
3273;0;1290;0;0.8133669609
3274;0;1290;0;0.8133669609
3275;1;1291;0.000630517;0.8139974779
3276;0;1291;0;0.8139974779
3277;0;1291;0;0.8139974779
3278;0;1291;0;0.8139974779
3279;0;1291;0;0.8139974779
3280;4;1295;0.0025220681;0.816519546
3281;1;1296;0.000630517;0.8171500631
3282;2;1298;0.001261034;0.8184110971
3283;1;1299;0.000630517;0.8190416141
3284;1;1300;0.000630517;0.8196721311
3285;3;1303;0.0018915511;0.8215636822
3286;1;1304;0.000630517;0.8221941992
3287;0;1304;0;0.8221941992
3288;0;1304;0;0.8221941992
3289;2;1306;0.001261034;0.8234552333
3290;2;1308;0.001261034;0.8247162673
3291;1;1309;0.000630517;0.8253467844
3292;0;1309;0;0.8253467844
3293;1;1310;0.000630517;0.8259773014
3294;0;1310;0;0.8259773014
3295;1;1311;0.000630517;0.8266078184
3296;1;1312;0.000630517;0.8272383354
3297;1;1313;0.000630517;0.8278688525
3298;0;1313;0;0.8278688525
3299;2;1315;0.001261034;0.8291298865
3300;2;1317;0.001261034;0.8303909206
3301;2;1319;0.001261034;0.8316519546
3302;0;1319;0;0.8316519546
3303;1;1320;0.000630517;0.8322824716
3304;0;1320;0;0.8322824716
3305;1;1321;0.000630517;0.8329129887
3306;0;1321;0;0.8329129887
3307;0;1321;0;0.8329129887
3308;1;1322;0.000630517;0.8335435057
3309;1;1323;0.000630517;0.8341740227
3310;2;1325;0.001261034;0.8354350567
3311;0;1325;0;0.8354350567
3312;0;1325;0;0.8354350567
3313;1;1326;0.000630517;0.8360655738
3314;1;1327;0.000630517;0.8366960908
3315;0;1327;0;0.8366960908
3316;0;1327;0;0.8366960908
3317;0;1327;0;0.8366960908
3318;0;1327;0;0.8366960908
3319;0;1327;0;0.8366960908
3320;1;1328;0.000630517;0.8373266078
3321;0;1328;0;0.8373266078
3322;0;1328;0;0.8373266078
3323;0;1328;0;0.8373266078
3324;1;1329;0.000630517;0.8379571248
3325;3;1332;0.0018915511;0.8398486759
3326;1;1333;0.000630517;0.8404791929
3327;0;1333;0;0.8404791929
3328;1;1334;0.000630517;0.84110971
3329;0;1334;0;0.84110971
3330;4;1338;0.0025220681;0.8436317781
3331;0;1338;0;0.8436317781
3332;1;1339;0.000630517;0.8442622951
3333;1;1340;0.000630517;0.8448928121
3334;1;1341;0.000630517;0.8455233291
3335;2;1343;0.001261034;0.8467843632
3336;1;1344;0.000630517;0.8474148802
3337;0;1344;0;0.8474148802
3338;0;1344;0;0.8474148802
3339;1;1345;0.000630517;0.8480453972
3340;1;1346;0.000630517;0.8486759142
3341;0;1346;0;0.8486759142
3342;0;1346;0;0.8486759142
3343;0;1346;0;0.8486759142
3344;0;1346;0;0.8486759142
3345;1;1347;0.000630517;0.8493064313
3346;0;1347;0;0.8493064313
3347;0;1347;0;0.8493064313
3348;0;1347;0;0.8493064313
3349;0;1347;0;0.8493064313
3350;2;1349;0.001261034;0.8505674653
3351;0;1349;0;0.8505674653
3352;1;1350;0.000630517;0.8511979823
3353;1;1351;0.000630517;0.8518284994
3354;0;1351;0;0.8518284994
3355;1;1352;0.000630517;0.8524590164
3356;1;1353;0.000630517;0.8530895334
3357;0;1353;0;0.8530895334
3358;0;1353;0;0.8530895334
3359;1;1354;0.000630517;0.8537200504
3360;2;1356;0.001261034;0.8549810845
3361;1;1357;0.000630517;0.8556116015
3362;2;1359;0.001261034;0.8568726356
3363;1;1360;0.000630517;0.8575031526
3364;0;1360;0;0.8575031526
3365;2;1362;0.001261034;0.8587641866
3366;0;1362;0;0.8587641866
3367;0;1362;0;0.8587641866
3368;0;1362;0;0.8587641866
3369;0;1362;0;0.8587641866
3370;0;1362;0;0.8587641866
3371;0;1362;0;0.8587641866
3372;1;1363;0.000630517;0.8593947037
3373;0;1363;0;0.8593947037
3374;0;1363;0;0.8593947037
3375;2;1365;0.001261034;0.8606557377
3376;1;1366;0.000630517;0.8612862547
3377;0;1366;0;0.8612862547
3378;0;1366;0;0.8612862547
3379;0;1366;0;0.8612862547
3380;1;1367;0.000630517;0.8619167718
3381;1;1368;0.000630517;0.8625472888
3382;1;1369;0.000630517;0.8631778058
3383;1;1370;0.000630517;0.8638083228
3384;0;1370;0;0.8638083228
3385;1;1371;0.000630517;0.8644388398
3386;0;1371;0;0.8644388398
3387;1;1372;0.000630517;0.8650693569
3388;0;1372;0;0.8650693569
3389;1;1373;0.000630517;0.8656998739
3390;4;1377;0.0025220681;0.868221942
3391;0;1377;0;0.868221942
3392;1;1378;0.000630517;0.868852459
3393;1;1379;0.000630517;0.869482976
3394;0;1379;0;0.869482976
3395;0;1379;0;0.869482976
3396;0;1379;0;0.869482976
3397;0;1379;0;0.869482976
3398;0;1379;0;0.869482976
3399;0;1379;0;0.869482976
3400;2;1381;0.001261034;0.8707440101
3401;0;1381;0;0.8707440101
3402;0;1381;0;0.8707440101
3403;0;1381;0;0.8707440101
3404;0;1381;0;0.8707440101
3405;2;1383;0.001261034;0.8720050441
3406;0;1383;0;0.8720050441
3407;1;1384;0.000630517;0.8726355612
3408;1;1385;0.000630517;0.8732660782
3409;0;1385;0;0.8732660782
3410;2;1387;0.001261034;0.8745271122
3411;1;1388;0.000630517;0.8751576293
3412;1;1389;0.000630517;0.8757881463
3413;0;1389;0;0.8757881463
3414;1;1390;0.000630517;0.8764186633
3415;1;1391;0.000630517;0.8770491803
3416;0;1391;0;0.8770491803
3417;0;1391;0;0.8770491803
3418;2;1393;0.001261034;0.8783102144
3419;0;1393;0;0.8783102144
3420;3;1396;0.0018915511;0.8802017654
3421;0;1396;0;0.8802017654
3422;2;1398;0.001261034;0.8814627995
3423;0;1398;0;0.8814627995
3424;0;1398;0;0.8814627995
3425;0;1398;0;0.8814627995
3426;0;1398;0;0.8814627995
3427;0;1398;0;0.8814627995
3428;0;1398;0;0.8814627995
3429;0;1398;0;0.8814627995
3430;0;1398;0;0.8814627995
3431;1;1399;0.000630517;0.8820933165
3432;0;1399;0;0.8820933165
3433;0;1399;0;0.8820933165
3434;0;1399;0;0.8820933165
3435;1;1400;0.000630517;0.8827238335
3436;1;1401;0.000630517;0.8833543506
3437;0;1401;0;0.8833543506
3438;0;1401;0;0.8833543506
3439;0;1401;0;0.8833543506
3440;0;1401;0;0.8833543506
3441;1;1402;0.000630517;0.8839848676
3442;0;1402;0;0.8839848676
3443;0;1402;0;0.8839848676
3444;0;1402;0;0.8839848676
3445;0;1402;0;0.8839848676
3446;0;1402;0;0.8839848676
3447;0;1402;0;0.8839848676
3448;1;1403;0.000630517;0.8846153846
3449;0;1403;0;0.8846153846
3450;2;1405;0.001261034;0.8858764187
3451;0;1405;0;0.8858764187
3452;0;1405;0;0.8858764187
3453;0;1405;0;0.8858764187
3454;0;1405;0;0.8858764187
3455;1;1406;0.000630517;0.8865069357
3456;0;1406;0;0.8865069357
3457;0;1406;0;0.8865069357
3458;0;1406;0;0.8865069357
3459;0;1406;0;0.8865069357
3460;1;1407;0.000630517;0.8871374527
3461;0;1407;0;0.8871374527
3462;0;1407;0;0.8871374527
3463;0;1407;0;0.8871374527
3464;1;1408;0.000630517;0.8877679697
3465;1;1409;0.000630517;0.8883984868
3466;0;1409;0;0.8883984868
3467;0;1409;0;0.8883984868
3468;0;1409;0;0.8883984868
3469;0;1409;0;0.8883984868
3470;2;1411;0.001261034;0.8896595208
3471;1;1412;0.000630517;0.8902900378
3472;0;1412;0;0.8902900378
3473;0;1412;0;0.8902900378
3474;0;1412;0;0.8902900378
3475;2;1414;0.001261034;0.8915510719
3476;0;1414;0;0.8915510719
3477;0;1414;0;0.8915510719
3478;0;1414;0;0.8915510719
3479;0;1414;0;0.8915510719
3480;4;1418;0.0025220681;0.89407314
3481;0;1418;0;0.89407314
3482;0;1418;0;0.89407314
3483;0;1418;0;0.89407314
3484;0;1418;0;0.89407314
3485;0;1418;0;0.89407314
3486;0;1418;0;0.89407314
3487;1;1419;0.000630517;0.894703657
3488;0;1419;0;0.894703657
3489;0;1419;0;0.894703657
3490;3;1422;0.0018915511;0.8965952081
3491;0;1422;0;0.8965952081
3492;0;1422;0;0.8965952081
3493;1;1423;0.000630517;0.8972257251
3494;1;1424;0.000630517;0.8978562421
3495;0;1424;0;0.8978562421
3496;0;1424;0;0.8978562421
3497;1;1425;0.000630517;0.8984867591
3498;0;1425;0;0.8984867591
3499;0;1425;0;0.8984867591
3500;2;1427;0.001261034;0.8997477932
3501;0;1427;0;0.8997477932
3502;0;1427;0;0.8997477932
3503;0;1427;0;0.8997477932
3504;0;1427;0;0.8997477932
3505;1;1428;0.000630517;0.9003783102
3506;0;1428;0;0.9003783102
3507;1;1429;0.000630517;0.9010088272
3508;2;1431;0.001261034;0.9022698613
3509;0;1431;0;0.9022698613
3510;2;1433;0.001261034;0.9035308953
3511;0;1433;0;0.9035308953
3512;0;1433;0;0.9035308953
3513;1;1434;0.000630517;0.9041614124
3514;0;1434;0;0.9041614124
3515;0;1434;0;0.9041614124
3516;0;1434;0;0.9041614124
3517;0;1434;0;0.9041614124
3518;0;1434;0;0.9041614124
3519;0;1434;0;0.9041614124
3520;1;1435;0.000630517;0.9047919294
3521;0;1435;0;0.9047919294
3522;0;1435;0;0.9047919294
3523;0;1435;0;0.9047919294
3524;0;1435;0;0.9047919294
3525;1;1436;0.000630517;0.9054224464
3526;1;1437;0.000630517;0.9060529634
3527;0;1437;0;0.9060529634
3528;0;1437;0;0.9060529634
3529;1;1438;0.000630517;0.9066834805
3530;2;1440;0.001261034;0.9079445145
3531;1;1441;0.000630517;0.9085750315
3532;0;1441;0;0.9085750315
3533;0;1441;0;0.9085750315
3534;0;1441;0;0.9085750315
3535;0;1441;0;0.9085750315
3536;1;1442;0.000630517;0.9092055485
3537;1;1443;0.000630517;0.9098360656
3538;0;1443;0;0.9098360656
3539;0;1443;0;0.9098360656
3540;2;1445;0.001261034;0.9110970996
3541;1;1446;0.000630517;0.9117276166
3542;0;1446;0;0.9117276166
3543;0;1446;0;0.9117276166
3544;0;1446;0;0.9117276166
3545;1;1447;0.000630517;0.9123581337
3546;0;1447;0;0.9123581337
3547;0;1447;0;0.9123581337
3548;0;1447;0;0.9123581337
3549;0;1447;0;0.9123581337
3550;0;1447;0;0.9123581337
3551;1;1448;0.000630517;0.9129886507
3552;0;1448;0;0.9129886507
3553;1;1449;0.000630517;0.9136191677
3554;0;1449;0;0.9136191677
3555;2;1451;0.001261034;0.9148802018
3556;0;1451;0;0.9148802018
3557;0;1451;0;0.9148802018
3558;0;1451;0;0.9148802018
3559;0;1451;0;0.9148802018
3560;1;1452;0.000630517;0.9155107188
3561;0;1452;0;0.9155107188
3562;0;1452;0;0.9155107188
3563;1;1453;0.000630517;0.9161412358
3564;0;1453;0;0.9161412358
3565;2;1455;0.001261034;0.9174022699
3566;0;1455;0;0.9174022699
3567;0;1455;0;0.9174022699
3568;0;1455;0;0.9174022699
3569;0;1455;0;0.9174022699
3570;1;1456;0.000630517;0.9180327869
3571;0;1456;0;0.9180327869
3572;0;1456;0;0.9180327869
3573;0;1456;0;0.9180327869
3574;0;1456;0;0.9180327869
3575;1;1457;0.000630517;0.9186633039
3576;0;1457;0;0.9186633039
3577;1;1458;0.000630517;0.9192938209
3578;1;1459;0.000630517;0.919924338
3579;0;1459;0;0.919924338
3580;0;1459;0;0.919924338
3581;0;1459;0;0.919924338
3582;0;1459;0;0.919924338
3583;0;1459;0;0.919924338
3584;0;1459;0;0.919924338
3585;0;1459;0;0.919924338
3586;0;1459;0;0.919924338
3587;0;1459;0;0.919924338
3588;0;1459;0;0.919924338
3589;0;1459;0;0.919924338
3590;3;1462;0.0018915511;0.921815889
3591;0;1462;0;0.921815889
3592;0;1462;0;0.921815889
3593;0;1462;0;0.921815889
3594;0;1462;0;0.921815889
3595;1;1463;0.000630517;0.9224464061
3596;1;1464;0.000630517;0.9230769231
3597;0;1464;0;0.9230769231
3598;0;1464;0;0.9230769231
3599;1;1465;0.000630517;0.9237074401
3600;3;1468;0.0018915511;0.9255989912
3601;0;1468;0;0.9255989912
3602;0;1468;0;0.9255989912
3603;0;1468;0;0.9255989912
3604;0;1468;0;0.9255989912
3605;0;1468;0;0.9255989912
3606;0;1468;0;0.9255989912
3607;0;1468;0;0.9255989912
3608;0;1468;0;0.9255989912
3609;0;1468;0;0.9255989912
3610;0;1468;0;0.9255989912
3611;0;1468;0;0.9255989912
3612;0;1468;0;0.9255989912
3613;1;1469;0.000630517;0.9262295082
3614;0;1469;0;0.9262295082
3615;0;1469;0;0.9262295082
3616;0;1469;0;0.9262295082
3617;0;1469;0;0.9262295082
3618;0;1469;0;0.9262295082
3619;0;1469;0;0.9262295082
3620;0;1469;0;0.9262295082
3621;0;1469;0;0.9262295082
3622;0;1469;0;0.9262295082
3623;0;1469;0;0.9262295082
3624;0;1469;0;0.9262295082
3625;0;1469;0;0.9262295082
3626;0;1469;0;0.9262295082
3627;0;1469;0;0.9262295082
3628;0;1469;0;0.9262295082
3629;1;1470;0.000630517;0.9268600252
3630;1;1471;0.000630517;0.9274905422
3631;0;1471;0;0.9274905422
3632;1;1472;0.000630517;0.9281210593
3633;0;1472;0;0.9281210593
3634;0;1472;0;0.9281210593
3635;1;1473;0.000630517;0.9287515763
3636;1;1474;0.000630517;0.9293820933
3637;0;1474;0;0.9293820933
3638;1;1475;0.000630517;0.9300126103
3639;0;1475;0;0.9300126103
3640;2;1477;0.001261034;0.9312736444
3641;0;1477;0;0.9312736444
3642;0;1477;0;0.9312736444
3643;1;1478;0.000630517;0.9319041614
3644;0;1478;0;0.9319041614
3645;0;1478;0;0.9319041614
3646;0;1478;0;0.9319041614
3647;1;1479;0.000630517;0.9325346784
3648;1;1480;0.000630517;0.9331651955
3649;0;1480;0;0.9331651955
3650;0;1480;0;0.9331651955
3651;1;1481;0.000630517;0.9337957125
3652;0;1481;0;0.9337957125
3653;0;1481;0;0.9337957125
3654;0;1481;0;0.9337957125
3655;0;1481;0;0.9337957125
3656;0;1481;0;0.9337957125
3657;0;1481;0;0.9337957125
3658;0;1481;0;0.9337957125
3659;0;1481;0;0.9337957125
3660;0;1481;0;0.9337957125
3661;0;1481;0;0.9337957125
3662;0;1481;0;0.9337957125
3663;0;1481;0;0.9337957125
3664;0;1481;0;0.9337957125
3665;0;1481;0;0.9337957125
3666;0;1481;0;0.9337957125
3667;0;1481;0;0.9337957125
3668;0;1481;0;0.9337957125
3669;0;1481;0;0.9337957125
3670;1;1482;0.000630517;0.9344262295
3671;0;1482;0;0.9344262295
3672;0;1482;0;0.9344262295
3673;0;1482;0;0.9344262295
3674;0;1482;0;0.9344262295
3675;1;1483;0.000630517;0.9350567465
3676;0;1483;0;0.9350567465
3677;0;1483;0;0.9350567465
3678;0;1483;0;0.9350567465
3679;0;1483;0;0.9350567465
3680;0;1483;0;0.9350567465
3681;0;1483;0;0.9350567465
3682;0;1483;0;0.9350567465
3683;0;1483;0;0.9350567465
3684;1;1484;0.000630517;0.9356872636
3685;2;1486;0.001261034;0.9369482976
3686;0;1486;0;0.9369482976
3687;0;1486;0;0.9369482976
3688;0;1486;0;0.9369482976
3689;0;1486;0;0.9369482976
3690;1;1487;0.000630517;0.9375788146
3691;0;1487;0;0.9375788146
3692;0;1487;0;0.9375788146
3693;0;1487;0;0.9375788146
3694;0;1487;0;0.9375788146
3695;1;1488;0.000630517;0.9382093317
3696;0;1488;0;0.9382093317
3697;0;1488;0;0.9382093317
3698;0;1488;0;0.9382093317
3699;0;1488;0;0.9382093317
3700;0;1488;0;0.9382093317
3701;0;1488;0;0.9382093317
3702;0;1488;0;0.9382093317
3703;0;1488;0;0.9382093317
3704;0;1488;0;0.9382093317
3705;0;1488;0;0.9382093317
3706;0;1488;0;0.9382093317
3707;0;1488;0;0.9382093317
3708;0;1488;0;0.9382093317
3709;0;1488;0;0.9382093317
3710;1;1489;0.000630517;0.9388398487
3711;0;1489;0;0.9388398487
3712;0;1489;0;0.9388398487
3713;0;1489;0;0.9388398487
3714;0;1489;0;0.9388398487
3715;1;1490;0.000630517;0.9394703657
3716;0;1490;0;0.9394703657
3717;0;1490;0;0.9394703657
3718;0;1490;0;0.9394703657
3719;0;1490;0;0.9394703657
3720;0;1490;0;0.9394703657
3721;1;1491;0.000630517;0.9401008827
3722;0;1491;0;0.9401008827
3723;1;1492;0.000630517;0.9407313997
3724;1;1493;0.000630517;0.9413619168
3725;0;1493;0;0.9413619168
3726;0;1493;0;0.9413619168
3727;0;1493;0;0.9413619168
3728;0;1493;0;0.9413619168
3729;0;1493;0;0.9413619168
3730;1;1494;0.000630517;0.9419924338
3731;1;1495;0.000630517;0.9426229508
3732;1;1496;0.000630517;0.9432534678
3733;0;1496;0;0.9432534678
3734;0;1496;0;0.9432534678
3735;0;1496;0;0.9432534678
3736;0;1496;0;0.9432534678
3737;0;1496;0;0.9432534678
3738;0;1496;0;0.9432534678
3739;0;1496;0;0.9432534678
3740;1;1497;0.000630517;0.9438839849
3741;0;1497;0;0.9438839849
3742;0;1497;0;0.9438839849
3743;0;1497;0;0.9438839849
3744;0;1497;0;0.9438839849
3745;1;1498;0.000630517;0.9445145019
3746;0;1498;0;0.9445145019
3747;0;1498;0;0.9445145019
3748;0;1498;0;0.9445145019
3749;0;1498;0;0.9445145019
3750;2;1500;0.001261034;0.9457755359
3751;0;1500;0;0.9457755359
3752;0;1500;0;0.9457755359
3753;0;1500;0;0.9457755359
3754;0;1500;0;0.9457755359
3755;0;1500;0;0.9457755359
3756;0;1500;0;0.9457755359
3757;0;1500;0;0.9457755359
3758;1;1501;0.000630517;0.946406053
3759;0;1501;0;0.946406053
3760;0;1501;0;0.946406053
3761;0;1501;0;0.946406053
3762;0;1501;0;0.946406053
3763;0;1501;0;0.946406053
3764;0;1501;0;0.946406053
3765;0;1501;0;0.946406053
3766;0;1501;0;0.946406053
3767;0;1501;0;0.946406053
3768;0;1501;0;0.946406053
3769;0;1501;0;0.946406053
3770;0;1501;0;0.946406053
3771;0;1501;0;0.946406053
3772;1;1502;0.000630517;0.94703657
3773;0;1502;0;0.94703657
3774;0;1502;0;0.94703657
3775;0;1502;0;0.94703657
3776;0;1502;0;0.94703657
3777;0;1502;0;0.94703657
3778;0;1502;0;0.94703657
3779;0;1502;0;0.94703657
3780;1;1503;0.000630517;0.947667087
3781;0;1503;0;0.947667087
3782;0;1503;0;0.947667087
3783;0;1503;0;0.947667087
3784;0;1503;0;0.947667087
3785;0;1503;0;0.947667087
3786;0;1503;0;0.947667087
3787;0;1503;0;0.947667087
3788;0;1503;0;0.947667087
3789;0;1503;0;0.947667087
3790;1;1504;0.000630517;0.948297604
3791;1;1505;0.000630517;0.9489281211
3792;0;1505;0;0.9489281211
3793;0;1505;0;0.9489281211
3794;0;1505;0;0.9489281211
3795;1;1506;0.000630517;0.9495586381
3796;0;1506;0;0.9495586381
3797;0;1506;0;0.9495586381
3798;0;1506;0;0.9495586381
3799;0;1506;0;0.9495586381
3800;0;1506;0;0.9495586381
3801;0;1506;0;0.9495586381
3802;1;1507;0.000630517;0.9501891551
3803;0;1507;0;0.9501891551
3804;0;1507;0;0.9501891551
3805;1;1508;0.000630517;0.9508196721
3806;0;1508;0;0.9508196721
3807;0;1508;0;0.9508196721
3808;0;1508;0;0.9508196721
3809;0;1508;0;0.9508196721
3810;2;1510;0.001261034;0.9520807062
3811;0;1510;0;0.9520807062
3812;0;1510;0;0.9520807062
3813;0;1510;0;0.9520807062
3814;0;1510;0;0.9520807062
3815;0;1510;0;0.9520807062
3816;0;1510;0;0.9520807062
3817;0;1510;0;0.9520807062
3818;0;1510;0;0.9520807062
3819;0;1510;0;0.9520807062
3820;0;1510;0;0.9520807062
3821;0;1510;0;0.9520807062
3822;0;1510;0;0.9520807062
3823;0;1510;0;0.9520807062
3824;0;1510;0;0.9520807062
3825;0;1510;0;0.9520807062
3826;0;1510;0;0.9520807062
3827;0;1510;0;0.9520807062
3828;0;1510;0;0.9520807062
3829;0;1510;0;0.9520807062
3830;0;1510;0;0.9520807062
3831;0;1510;0;0.9520807062
3832;0;1510;0;0.9520807062
3833;0;1510;0;0.9520807062
3834;0;1510;0;0.9520807062
3835;1;1511;0.000630517;0.9527112232
3836;0;1511;0;0.9527112232
3837;0;1511;0;0.9527112232
3838;0;1511;0;0.9527112232
3839;0;1511;0;0.9527112232
3840;2;1513;0.001261034;0.9539722573
3841;0;1513;0;0.9539722573
3842;0;1513;0;0.9539722573
3843;1;1514;0.000630517;0.9546027743
3844;0;1514;0;0.9546027743
3845;1;1515;0.000630517;0.9552332913
3846;0;1515;0;0.9552332913
3847;1;1516;0.000630517;0.9558638083
3848;0;1516;0;0.9558638083
3849;0;1516;0;0.9558638083
3850;1;1517;0.000630517;0.9564943253
3851;0;1517;0;0.9564943253
3852;0;1517;0;0.9564943253
3853;0;1517;0;0.9564943253
3854;0;1517;0;0.9564943253
3855;0;1517;0;0.9564943253
3856;0;1517;0;0.9564943253
3857;0;1517;0;0.9564943253
3858;0;1517;0;0.9564943253
3859;0;1517;0;0.9564943253
3860;1;1518;0.000630517;0.9571248424
3861;0;1518;0;0.9571248424
3862;0;1518;0;0.9571248424
3863;0;1518;0;0.9571248424
3864;0;1518;0;0.9571248424
3865;0;1518;0;0.9571248424
3866;0;1518;0;0.9571248424
3867;0;1518;0;0.9571248424
3868;0;1518;0;0.9571248424
3869;0;1518;0;0.9571248424
3870;0;1518;0;0.9571248424
3871;0;1518;0;0.9571248424
3872;0;1518;0;0.9571248424
3873;0;1518;0;0.9571248424
3874;0;1518;0;0.9571248424
3875;0;1518;0;0.9571248424
3876;0;1518;0;0.9571248424
3877;0;1518;0;0.9571248424
3878;0;1518;0;0.9571248424
3879;1;1519;0.000630517;0.9577553594
3880;0;1519;0;0.9577553594
3881;0;1519;0;0.9577553594
3882;0;1519;0;0.9577553594
3883;0;1519;0;0.9577553594
3884;0;1519;0;0.9577553594
3885;1;1520;0.000630517;0.9583858764
3886;0;1520;0;0.9583858764
3887;1;1521;0.000630517;0.9590163934
3888;0;1521;0;0.9590163934
3889;0;1521;0;0.9590163934
3890;0;1521;0;0.9590163934
3891;0;1521;0;0.9590163934
3892;1;1522;0.000630517;0.9596469105
3893;0;1522;0;0.9596469105
3894;0;1522;0;0.9596469105
3895;0;1522;0;0.9596469105
3896;1;1523;0.000630517;0.9602774275
3897;0;1523;0;0.9602774275
3898;0;1523;0;0.9602774275
3899;1;1524;0.000630517;0.9609079445
3900;0;1524;0;0.9609079445
3901;0;1524;0;0.9609079445
3902;0;1524;0;0.9609079445
3903;0;1524;0;0.9609079445
3904;0;1524;0;0.9609079445
3905;2;1526;0.001261034;0.9621689786
3906;0;1526;0;0.9621689786
3907;0;1526;0;0.9621689786
3908;0;1526;0;0.9621689786
3909;0;1526;0;0.9621689786
3910;2;1528;0.001261034;0.9634300126
3911;0;1528;0;0.9634300126
3912;0;1528;0;0.9634300126
3913;0;1528;0;0.9634300126
3914;0;1528;0;0.9634300126
3915;0;1528;0;0.9634300126
3916;0;1528;0;0.9634300126
3917;1;1529;0.000630517;0.9640605296
3918;0;1529;0;0.9640605296
3919;0;1529;0;0.9640605296
3920;0;1529;0;0.9640605296
3921;1;1530;0.000630517;0.9646910467
3922;0;1530;0;0.9646910467
3923;0;1530;0;0.9646910467
3924;0;1530;0;0.9646910467
3925;0;1530;0;0.9646910467
3926;1;1531;0.000630517;0.9653215637
3927;1;1532;0.000630517;0.9659520807
3928;0;1532;0;0.9659520807
3929;0;1532;0;0.9659520807
3930;0;1532;0;0.9659520807
3931;0;1532;0;0.9659520807
3932;0;1532;0;0.9659520807
3933;1;1533;0.000630517;0.9665825977
3934;0;1533;0;0.9665825977
3935;0;1533;0;0.9665825977
3936;0;1533;0;0.9665825977
3937;0;1533;0;0.9665825977
3938;0;1533;0;0.9665825977
3939;0;1533;0;0.9665825977
3940;1;1534;0.000630517;0.9672131148
3941;0;1534;0;0.9672131148
3942;0;1534;0;0.9672131148
3943;0;1534;0;0.9672131148
3944;0;1534;0;0.9672131148
3945;1;1535;0.000630517;0.9678436318
3946;0;1535;0;0.9678436318
3947;0;1535;0;0.9678436318
3948;0;1535;0;0.9678436318
3949;0;1535;0;0.9678436318
3950;0;1535;0;0.9678436318
3951;0;1535;0;0.9678436318
3952;0;1535;0;0.9678436318
3953;0;1535;0;0.9678436318
3954;0;1535;0;0.9678436318
3955;0;1535;0;0.9678436318
3956;1;1536;0.000630517;0.9684741488
3957;0;1536;0;0.9684741488
3958;0;1536;0;0.9684741488
3959;1;1537;0.000630517;0.9691046658
3960;0;1537;0;0.9691046658
3961;0;1537;0;0.9691046658
3962;0;1537;0;0.9691046658
3963;0;1537;0;0.9691046658
3964;0;1537;0;0.9691046658
3965;1;1538;0.000630517;0.9697351828
3966;0;1538;0;0.9697351828
3967;0;1538;0;0.9697351828
3968;0;1538;0;0.9697351828
3969;0;1538;0;0.9697351828
3970;0;1538;0;0.9697351828
3971;0;1538;0;0.9697351828
3972;0;1538;0;0.9697351828
3973;0;1538;0;0.9697351828
3974;0;1538;0;0.9697351828
3975;0;1538;0;0.9697351828
3976;0;1538;0;0.9697351828
3977;0;1538;0;0.9697351828
3978;0;1538;0;0.9697351828
3979;0;1538;0;0.9697351828
3980;1;1539;0.000630517;0.9703656999
3981;0;1539;0;0.9703656999
3982;0;1539;0;0.9703656999
3983;0;1539;0;0.9703656999
3984;0;1539;0;0.9703656999
3985;2;1541;0.001261034;0.9716267339
3986;0;1541;0;0.9716267339
3987;0;1541;0;0.9716267339
3988;0;1541;0;0.9716267339
3989;0;1541;0;0.9716267339
3990;2;1543;0.001261034;0.972887768
3991;0;1543;0;0.972887768
3992;0;1543;0;0.972887768
3993;0;1543;0;0.972887768
3994;0;1543;0;0.972887768
3995;0;1543;0;0.972887768
3996;0;1543;0;0.972887768
3997;0;1543;0;0.972887768
3998;0;1543;0;0.972887768
3999;0;1543;0;0.972887768
4000;1;1544;0.000630517;0.973518285
4001;0;1544;0;0.973518285
4002;0;1544;0;0.973518285
4003;0;1544;0;0.973518285
4004;0;1544;0;0.973518285
4005;1;1545;0.000630517;0.974148802
4006;0;1545;0;0.974148802
4007;0;1545;0;0.974148802
4008;0;1545;0;0.974148802
4009;0;1545;0;0.974148802
4010;0;1545;0;0.974148802
4011;0;1545;0;0.974148802
4012;0;1545;0;0.974148802
4013;0;1545;0;0.974148802
4014;0;1545;0;0.974148802
4015;0;1545;0;0.974148802
4016;0;1545;0;0.974148802
4017;0;1545;0;0.974148802
4018;0;1545;0;0.974148802
4019;0;1545;0;0.974148802
4020;0;1545;0;0.974148802
4021;0;1545;0;0.974148802
4022;0;1545;0;0.974148802
4023;0;1545;0;0.974148802
4024;0;1545;0;0.974148802
4025;0;1545;0;0.974148802
4026;0;1545;0;0.974148802
4027;0;1545;0;0.974148802
4028;0;1545;0;0.974148802
4029;0;1545;0;0.974148802
4030;0;1545;0;0.974148802
4031;0;1545;0;0.974148802
4032;0;1545;0;0.974148802
4033;0;1545;0;0.974148802
4034;0;1545;0;0.974148802
4035;0;1545;0;0.974148802
4036;0;1545;0;0.974148802
4037;0;1545;0;0.974148802
4038;0;1545;0;0.974148802
4039;0;1545;0;0.974148802
4040;1;1546;0.000630517;0.974779319
4041;0;1546;0;0.974779319
4042;0;1546;0;0.974779319
4043;0;1546;0;0.974779319
4044;0;1546;0;0.974779319
4045;0;1546;0;0.974779319
4046;0;1546;0;0.974779319
4047;0;1546;0;0.974779319
4048;0;1546;0;0.974779319
4049;0;1546;0;0.974779319
4050;0;1546;0;0.974779319
4051;0;1546;0;0.974779319
4052;0;1546;0;0.974779319
4053;0;1546;0;0.974779319
4054;0;1546;0;0.974779319
4055;0;1546;0;0.974779319
4056;0;1546;0;0.974779319
4057;0;1546;0;0.974779319
4058;0;1546;0;0.974779319
4059;0;1546;0;0.974779319
4060;0;1546;0;0.974779319
4061;0;1546;0;0.974779319
4062;0;1546;0;0.974779319
4063;0;1546;0;0.974779319
4064;0;1546;0;0.974779319
4065;0;1546;0;0.974779319
4066;0;1546;0;0.974779319
4067;0;1546;0;0.974779319
4068;0;1546;0;0.974779319
4069;0;1546;0;0.974779319
4070;1;1547;0.000630517;0.9754098361
4071;0;1547;0;0.9754098361
4072;0;1547;0;0.9754098361
4073;0;1547;0;0.9754098361
4074;0;1547;0;0.9754098361
4075;1;1548;0.000630517;0.9760403531
4076;0;1548;0;0.9760403531
4077;0;1548;0;0.9760403531
4078;0;1548;0;0.9760403531
4079;0;1548;0;0.9760403531
4080;0;1548;0;0.9760403531
4081;0;1548;0;0.9760403531
4082;0;1548;0;0.9760403531
4083;0;1548;0;0.9760403531
4084;0;1548;0;0.9760403531
4085;0;1548;0;0.9760403531
4086;0;1548;0;0.9760403531
4087;0;1548;0;0.9760403531
4088;1;1549;0.000630517;0.9766708701
4089;0;1549;0;0.9766708701
4090;0;1549;0;0.9766708701
4091;0;1549;0;0.9766708701
4092;0;1549;0;0.9766708701
4093;0;1549;0;0.9766708701
4094;0;1549;0;0.9766708701
4095;1;1550;0.000630517;0.9773013871
4096;0;1550;0;0.9773013871
4097;1;1551;0.000630517;0.9779319042
4098;0;1551;0;0.9779319042
4099;0;1551;0;0.9779319042
4100;0;1551;0;0.9779319042
4101;0;1551;0;0.9779319042
4102;0;1551;0;0.9779319042
4103;0;1551;0;0.9779319042
4104;0;1551;0;0.9779319042
4105;0;1551;0;0.9779319042
4106;0;1551;0;0.9779319042
4107;0;1551;0;0.9779319042
4108;0;1551;0;0.9779319042
4109;0;1551;0;0.9779319042
4110;0;1551;0;0.9779319042
4111;0;1551;0;0.9779319042
4112;0;1551;0;0.9779319042
4113;0;1551;0;0.9779319042
4114;0;1551;0;0.9779319042
4115;0;1551;0;0.9779319042
4116;0;1551;0;0.9779319042
4117;0;1551;0;0.9779319042
4118;0;1551;0;0.9779319042
4119;0;1551;0;0.9779319042
4120;1;1552;0.000630517;0.9785624212
4121;0;1552;0;0.9785624212
4122;0;1552;0;0.9785624212
4123;0;1552;0;0.9785624212
4124;0;1552;0;0.9785624212
4125;0;1552;0;0.9785624212
4126;0;1552;0;0.9785624212
4127;0;1552;0;0.9785624212
4128;0;1552;0;0.9785624212
4129;0;1552;0;0.9785624212
4130;0;1552;0;0.9785624212
4131;0;1552;0;0.9785624212
4132;0;1552;0;0.9785624212
4133;0;1552;0;0.9785624212
4134;0;1552;0;0.9785624212
4135;0;1552;0;0.9785624212
4136;0;1552;0;0.9785624212
4137;0;1552;0;0.9785624212
4138;0;1552;0;0.9785624212
4139;0;1552;0;0.9785624212
4140;0;1552;0;0.9785624212
4141;0;1552;0;0.9785624212
4142;0;1552;0;0.9785624212
4143;0;1552;0;0.9785624212
4144;0;1552;0;0.9785624212
4145;0;1552;0;0.9785624212
4146;0;1552;0;0.9785624212
4147;0;1552;0;0.9785624212
4148;0;1552;0;0.9785624212
4149;0;1552;0;0.9785624212
4150;0;1552;0;0.9785624212
4151;0;1552;0;0.9785624212
4152;0;1552;0;0.9785624212
4153;0;1552;0;0.9785624212
4154;0;1552;0;0.9785624212
4155;0;1552;0;0.9785624212
4156;0;1552;0;0.9785624212
4157;0;1552;0;0.9785624212
4158;0;1552;0;0.9785624212
4159;1;1553;0.000630517;0.9791929382
4160;0;1553;0;0.9791929382
4161;0;1553;0;0.9791929382
4162;0;1553;0;0.9791929382
4163;0;1553;0;0.9791929382
4164;0;1553;0;0.9791929382
4165;0;1553;0;0.9791929382
4166;0;1553;0;0.9791929382
4167;0;1553;0;0.9791929382
4168;0;1553;0;0.9791929382
4169;1;1554;0.000630517;0.9798234552
4170;0;1554;0;0.9798234552
4171;0;1554;0;0.9798234552
4172;0;1554;0;0.9798234552
4173;0;1554;0;0.9798234552
4174;0;1554;0;0.9798234552
4175;0;1554;0;0.9798234552
4176;0;1554;0;0.9798234552
4177;0;1554;0;0.9798234552
4178;0;1554;0;0.9798234552
4179;0;1554;0;0.9798234552
4180;1;1555;0.000630517;0.9804539723
4181;0;1555;0;0.9804539723
4182;0;1555;0;0.9804539723
4183;0;1555;0;0.9804539723
4184;0;1555;0;0.9804539723
4185;1;1556;0.000630517;0.9810844893
4186;0;1556;0;0.9810844893
4187;0;1556;0;0.9810844893
4188;0;1556;0;0.9810844893
4189;0;1556;0;0.9810844893
4190;0;1556;0;0.9810844893
4191;0;1556;0;0.9810844893
4192;0;1556;0;0.9810844893
4193;0;1556;0;0.9810844893
4194;0;1556;0;0.9810844893
4195;0;1556;0;0.9810844893
4196;0;1556;0;0.9810844893
4197;0;1556;0;0.9810844893
4198;0;1556;0;0.9810844893
4199;0;1556;0;0.9810844893
4200;0;1556;0;0.9810844893
4201;0;1556;0;0.9810844893
4202;0;1556;0;0.9810844893
4203;0;1556;0;0.9810844893
4204;0;1556;0;0.9810844893
4205;0;1556;0;0.9810844893
4206;0;1556;0;0.9810844893
4207;0;1556;0;0.9810844893
4208;0;1556;0;0.9810844893
4209;0;1556;0;0.9810844893
4210;0;1556;0;0.9810844893
4211;0;1556;0;0.9810844893
4212;0;1556;0;0.9810844893
4213;0;1556;0;0.9810844893
4214;0;1556;0;0.9810844893
4215;0;1556;0;0.9810844893
4216;0;1556;0;0.9810844893
4217;0;1556;0;0.9810844893
4218;0;1556;0;0.9810844893
4219;0;1556;0;0.9810844893
4220;0;1556;0;0.9810844893
4221;0;1556;0;0.9810844893
4222;0;1556;0;0.9810844893
4223;0;1556;0;0.9810844893
4224;0;1556;0;0.9810844893
4225;0;1556;0;0.9810844893
4226;0;1556;0;0.9810844893
4227;0;1556;0;0.9810844893
4228;0;1556;0;0.9810844893
4229;0;1556;0;0.9810844893
4230;0;1556;0;0.9810844893
4231;0;1556;0;0.9810844893
4232;0;1556;0;0.9810844893
4233;0;1556;0;0.9810844893
4234;0;1556;0;0.9810844893
4235;0;1556;0;0.9810844893
4236;0;1556;0;0.9810844893
4237;0;1556;0;0.9810844893
4238;0;1556;0;0.9810844893
4239;0;1556;0;0.9810844893
4240;0;1556;0;0.9810844893
4241;0;1556;0;0.9810844893
4242;0;1556;0;0.9810844893
4243;0;1556;0;0.9810844893
4244;1;1557;0.000630517;0.9817150063
4245;0;1557;0;0.9817150063
4246;0;1557;0;0.9817150063
4247;0;1557;0;0.9817150063
4248;0;1557;0;0.9817150063
4249;0;1557;0;0.9817150063
4250;0;1557;0;0.9817150063
4251;0;1557;0;0.9817150063
4252;0;1557;0;0.9817150063
4253;0;1557;0;0.9817150063
4254;0;1557;0;0.9817150063
4255;1;1558;0.000630517;0.9823455233
4256;0;1558;0;0.9823455233
4257;0;1558;0;0.9823455233
4258;1;1559;0.000630517;0.9829760404
4259;0;1559;0;0.9829760404
4260;0;1559;0;0.9829760404
4261;0;1559;0;0.9829760404
4262;0;1559;0;0.9829760404
4263;0;1559;0;0.9829760404
4264;0;1559;0;0.9829760404
4265;0;1559;0;0.9829760404
4266;0;1559;0;0.9829760404
4267;0;1559;0;0.9829760404
4268;0;1559;0;0.9829760404
4269;0;1559;0;0.9829760404
4270;1;1560;0.000630517;0.9836065574
4271;0;1560;0;0.9836065574
4272;0;1560;0;0.9836065574
4273;0;1560;0;0.9836065574
4274;0;1560;0;0.9836065574
4275;0;1560;0;0.9836065574
4276;0;1560;0;0.9836065574
4277;0;1560;0;0.9836065574
4278;0;1560;0;0.9836065574
4279;0;1560;0;0.9836065574
4280;0;1560;0;0.9836065574
4281;0;1560;0;0.9836065574
4282;0;1560;0;0.9836065574
4283;0;1560;0;0.9836065574
4284;0;1560;0;0.9836065574
4285;0;1560;0;0.9836065574
4286;0;1560;0;0.9836065574
4287;0;1560;0;0.9836065574
4288;0;1560;0;0.9836065574
4289;0;1560;0;0.9836065574
4290;0;1560;0;0.9836065574
4291;0;1560;0;0.9836065574
4292;0;1560;0;0.9836065574
4293;0;1560;0;0.9836065574
4294;0;1560;0;0.9836065574
4295;0;1560;0;0.9836065574
4296;0;1560;0;0.9836065574
4297;0;1560;0;0.9836065574
4298;0;1560;0;0.9836065574
4299;1;1561;0.000630517;0.9842370744
4300;0;1561;0;0.9842370744
4301;0;1561;0;0.9842370744
4302;0;1561;0;0.9842370744
4303;0;1561;0;0.9842370744
4304;0;1561;0;0.9842370744
4305;0;1561;0;0.9842370744
4306;0;1561;0;0.9842370744
4307;0;1561;0;0.9842370744
4308;0;1561;0;0.9842370744
4309;0;1561;0;0.9842370744
4310;0;1561;0;0.9842370744
4311;0;1561;0;0.9842370744
4312;0;1561;0;0.9842370744
4313;0;1561;0;0.9842370744
4314;0;1561;0;0.9842370744
4315;0;1561;0;0.9842370744
4316;0;1561;0;0.9842370744
4317;0;1561;0;0.9842370744
4318;0;1561;0;0.9842370744
4319;0;1561;0;0.9842370744
4320;0;1561;0;0.9842370744
4321;0;1561;0;0.9842370744
4322;1;1562;0.000630517;0.9848675914
4323;0;1562;0;0.9848675914
4324;0;1562;0;0.9848675914
4325;0;1562;0;0.9848675914
4326;0;1562;0;0.9848675914
4327;0;1562;0;0.9848675914
4328;0;1562;0;0.9848675914
4329;0;1562;0;0.9848675914
4330;0;1562;0;0.9848675914
4331;0;1562;0;0.9848675914
4332;0;1562;0;0.9848675914
4333;0;1562;0;0.9848675914
4334;0;1562;0;0.9848675914
4335;1;1563;0.000630517;0.9854981084
4336;0;1563;0;0.9854981084
4337;0;1563;0;0.9854981084
4338;0;1563;0;0.9854981084
4339;0;1563;0;0.9854981084
4340;0;1563;0;0.9854981084
4341;0;1563;0;0.9854981084
4342;0;1563;0;0.9854981084
4343;0;1563;0;0.9854981084
4344;0;1563;0;0.9854981084
4345;0;1563;0;0.9854981084
4346;1;1564;0.000630517;0.9861286255
4347;0;1564;0;0.9861286255
4348;0;1564;0;0.9861286255
4349;0;1564;0;0.9861286255
4350;0;1564;0;0.9861286255
4351;0;1564;0;0.9861286255
4352;0;1564;0;0.9861286255
4353;0;1564;0;0.9861286255
4354;0;1564;0;0.9861286255
4355;0;1564;0;0.9861286255
4356;0;1564;0;0.9861286255
4357;0;1564;0;0.9861286255
4358;0;1564;0;0.9861286255
4359;0;1564;0;0.9861286255
4360;0;1564;0;0.9861286255
4361;0;1564;0;0.9861286255
4362;0;1564;0;0.9861286255
4363;0;1564;0;0.9861286255
4364;0;1564;0;0.9861286255
4365;0;1564;0;0.9861286255
4366;0;1564;0;0.9861286255
4367;0;1564;0;0.9861286255
4368;0;1564;0;0.9861286255
4369;0;1564;0;0.9861286255
4370;0;1564;0;0.9861286255
4371;0;1564;0;0.9861286255
4372;0;1564;0;0.9861286255
4373;0;1564;0;0.9861286255
4374;0;1564;0;0.9861286255
4375;0;1564;0;0.9861286255
4376;0;1564;0;0.9861286255
4377;0;1564;0;0.9861286255
4378;0;1564;0;0.9861286255
4379;0;1564;0;0.9861286255
4380;0;1564;0;0.9861286255
4381;0;1564;0;0.9861286255
4382;0;1564;0;0.9861286255
4383;0;1564;0;0.9861286255
4384;0;1564;0;0.9861286255
4385;0;1564;0;0.9861286255
4386;0;1564;0;0.9861286255
4387;0;1564;0;0.9861286255
4388;0;1564;0;0.9861286255
4389;0;1564;0;0.9861286255
4390;0;1564;0;0.9861286255
4391;0;1564;0;0.9861286255
4392;0;1564;0;0.9861286255
4393;0;1564;0;0.9861286255
4394;0;1564;0;0.9861286255
4395;0;1564;0;0.9861286255
4396;0;1564;0;0.9861286255
4397;1;1565;0.000630517;0.9867591425
4398;0;1565;0;0.9867591425
4399;0;1565;0;0.9867591425
4400;0;1565;0;0.9867591425
4401;0;1565;0;0.9867591425
4402;0;1565;0;0.9867591425
4403;0;1565;0;0.9867591425
4404;0;1565;0;0.9867591425
4405;0;1565;0;0.9867591425
4406;0;1565;0;0.9867591425
4407;0;1565;0;0.9867591425
4408;0;1565;0;0.9867591425
4409;0;1565;0;0.9867591425
4410;0;1565;0;0.9867591425
4411;0;1565;0;0.9867591425
4412;0;1565;0;0.9867591425
4413;1;1566;0.000630517;0.9873896595
4414;0;1566;0;0.9873896595
4415;0;1566;0;0.9873896595
4416;0;1566;0;0.9873896595
4417;0;1566;0;0.9873896595
4418;0;1566;0;0.9873896595
4419;0;1566;0;0.9873896595
4420;0;1566;0;0.9873896595
4421;0;1566;0;0.9873896595
4422;0;1566;0;0.9873896595
4423;0;1566;0;0.9873896595
4424;0;1566;0;0.9873896595
4425;1;1567;0.000630517;0.9880201765
4426;0;1567;0;0.9880201765
4427;0;1567;0;0.9880201765
4428;0;1567;0;0.9880201765
4429;0;1567;0;0.9880201765
4430;0;1567;0;0.9880201765
4431;1;1568;0.000630517;0.9886506936
4432;0;1568;0;0.9886506936
4433;0;1568;0;0.9886506936
4434;0;1568;0;0.9886506936
4435;0;1568;0;0.9886506936
4436;0;1568;0;0.9886506936
4437;0;1568;0;0.9886506936
4438;0;1568;0;0.9886506936
4439;0;1568;0;0.9886506936
4440;0;1568;0;0.9886506936
4441;0;1568;0;0.9886506936
4442;0;1568;0;0.9886506936
4443;0;1568;0;0.9886506936
4444;0;1568;0;0.9886506936
4445;1;1569;0.000630517;0.9892812106
4446;0;1569;0;0.9892812106
4447;0;1569;0;0.9892812106
4448;0;1569;0;0.9892812106
4449;0;1569;0;0.9892812106
4450;0;1569;0;0.9892812106
4451;0;1569;0;0.9892812106
4452;0;1569;0;0.9892812106
4453;0;1569;0;0.9892812106
4454;0;1569;0;0.9892812106
4455;0;1569;0;0.9892812106
4456;0;1569;0;0.9892812106
4457;0;1569;0;0.9892812106
4458;0;1569;0;0.9892812106
4459;0;1569;0;0.9892812106
4460;1;1570;0.000630517;0.9899117276
4461;0;1570;0;0.9899117276
4462;0;1570;0;0.9899117276
4463;0;1570;0;0.9899117276
4464;0;1570;0;0.9899117276
4465;0;1570;0;0.9899117276
4466;0;1570;0;0.9899117276
4467;0;1570;0;0.9899117276
4468;0;1570;0;0.9899117276
4469;0;1570;0;0.9899117276
4470;0;1570;0;0.9899117276
4471;0;1570;0;0.9899117276
4472;0;1570;0;0.9899117276
4473;0;1570;0;0.9899117276
4474;0;1570;0;0.9899117276
4475;0;1570;0;0.9899117276
4476;0;1570;0;0.9899117276
4477;0;1570;0;0.9899117276
4478;1;1571;0.000630517;0.9905422446
4479;0;1571;0;0.9905422446
4480;0;1571;0;0.9905422446
4481;0;1571;0;0.9905422446
4482;0;1571;0;0.9905422446
4483;0;1571;0;0.9905422446
4484;0;1571;0;0.9905422446
4485;0;1571;0;0.9905422446
4486;0;1571;0;0.9905422446
4487;0;1571;0;0.9905422446
4488;0;1571;0;0.9905422446
4489;0;1571;0;0.9905422446
4490;0;1571;0;0.9905422446
4491;0;1571;0;0.9905422446
4492;0;1571;0;0.9905422446
4493;0;1571;0;0.9905422446
4494;1;1572;0.000630517;0.9911727617
4495;0;1572;0;0.9911727617
4496;0;1572;0;0.9911727617
4497;0;1572;0;0.9911727617
4498;0;1572;0;0.9911727617
4499;0;1572;0;0.9911727617
4500;0;1572;0;0.9911727617
4501;0;1572;0;0.9911727617
4502;0;1572;0;0.9911727617
4503;0;1572;0;0.9911727617
4504;0;1572;0;0.9911727617
4505;0;1572;0;0.9911727617
4506;0;1572;0;0.9911727617
4507;0;1572;0;0.9911727617
4508;0;1572;0;0.9911727617
4509;0;1572;0;0.9911727617
4510;0;1572;0;0.9911727617
4511;0;1572;0;0.9911727617
4512;0;1572;0;0.9911727617
4513;0;1572;0;0.9911727617
4514;0;1572;0;0.9911727617
4515;0;1572;0;0.9911727617
4516;0;1572;0;0.9911727617
4517;0;1572;0;0.9911727617
4518;0;1572;0;0.9911727617
4519;0;1572;0;0.9911727617
4520;0;1572;0;0.9911727617
4521;0;1572;0;0.9911727617
4522;0;1572;0;0.9911727617
4523;0;1572;0;0.9911727617
4524;0;1572;0;0.9911727617
4525;0;1572;0;0.9911727617
4526;0;1572;0;0.9911727617
4527;0;1572;0;0.9911727617
4528;0;1572;0;0.9911727617
4529;0;1572;0;0.9911727617
4530;0;1572;0;0.9911727617
4531;0;1572;0;0.9911727617
4532;0;1572;0;0.9911727617
4533;0;1572;0;0.9911727617
4534;0;1572;0;0.9911727617
4535;1;1573;0.000630517;0.9918032787
4536;0;1573;0;0.9918032787
4537;0;1573;0;0.9918032787
4538;0;1573;0;0.9918032787
4539;0;1573;0;0.9918032787
4540;0;1573;0;0.9918032787
4541;0;1573;0;0.9918032787
4542;0;1573;0;0.9918032787
4543;0;1573;0;0.9918032787
4544;0;1573;0;0.9918032787
4545;0;1573;0;0.9918032787
4546;0;1573;0;0.9918032787
4547;0;1573;0;0.9918032787
4548;0;1573;0;0.9918032787
4549;0;1573;0;0.9918032787
4550;0;1573;0;0.9918032787
4551;0;1573;0;0.9918032787
4552;0;1573;0;0.9918032787
4553;0;1573;0;0.9918032787
4554;0;1573;0;0.9918032787
4555;0;1573;0;0.9918032787
4556;0;1573;0;0.9918032787
4557;0;1573;0;0.9918032787
4558;0;1573;0;0.9918032787
4559;0;1573;0;0.9918032787
4560;0;1573;0;0.9918032787
4561;0;1573;0;0.9918032787
4562;0;1573;0;0.9918032787
4563;0;1573;0;0.9918032787
4564;0;1573;0;0.9918032787
4565;0;1573;0;0.9918032787
4566;0;1573;0;0.9918032787
4567;0;1573;0;0.9918032787
4568;0;1573;0;0.9918032787
4569;0;1573;0;0.9918032787
4570;0;1573;0;0.9918032787
4571;0;1573;0;0.9918032787
4572;0;1573;0;0.9918032787
4573;0;1573;0;0.9918032787
4574;0;1573;0;0.9918032787
4575;0;1573;0;0.9918032787
4576;0;1573;0;0.9918032787
4577;0;1573;0;0.9918032787
4578;0;1573;0;0.9918032787
4579;0;1573;0;0.9918032787
4580;0;1573;0;0.9918032787
4581;0;1573;0;0.9918032787
4582;0;1573;0;0.9918032787
4583;0;1573;0;0.9918032787
4584;0;1573;0;0.9918032787
4585;0;1573;0;0.9918032787
4586;0;1573;0;0.9918032787
4587;0;1573;0;0.9918032787
4588;0;1573;0;0.9918032787
4589;0;1573;0;0.9918032787
4590;1;1574;0.000630517;0.9924337957
4591;0;1574;0;0.9924337957
4592;0;1574;0;0.9924337957
4593;0;1574;0;0.9924337957
4594;0;1574;0;0.9924337957
4595;0;1574;0;0.9924337957
4596;0;1574;0;0.9924337957
4597;0;1574;0;0.9924337957
4598;0;1574;0;0.9924337957
4599;0;1574;0;0.9924337957
4600;0;1574;0;0.9924337957
4601;0;1574;0;0.9924337957
4602;0;1574;0;0.9924337957
4603;0;1574;0;0.9924337957
4604;0;1574;0;0.9924337957
4605;0;1574;0;0.9924337957
4606;0;1574;0;0.9924337957
4607;0;1574;0;0.9924337957
4608;0;1574;0;0.9924337957
4609;0;1574;0;0.9924337957
4610;0;1574;0;0.9924337957
4611;0;1574;0;0.9924337957
4612;0;1574;0;0.9924337957
4613;0;1574;0;0.9924337957
4614;0;1574;0;0.9924337957
4615;0;1574;0;0.9924337957
4616;0;1574;0;0.9924337957
4617;0;1574;0;0.9924337957
4618;0;1574;0;0.9924337957
4619;0;1574;0;0.9924337957
4620;1;1575;0.000630517;0.9930643127
4621;0;1575;0;0.9930643127
4622;0;1575;0;0.9930643127
4623;0;1575;0;0.9930643127
4624;0;1575;0;0.9930643127
4625;0;1575;0;0.9930643127
4626;0;1575;0;0.9930643127
4627;0;1575;0;0.9930643127
4628;0;1575;0;0.9930643127
4629;0;1575;0;0.9930643127
4630;0;1575;0;0.9930643127
4631;0;1575;0;0.9930643127
4632;0;1575;0;0.9930643127
4633;0;1575;0;0.9930643127
4634;0;1575;0;0.9930643127
4635;0;1575;0;0.9930643127
4636;0;1575;0;0.9930643127
4637;0;1575;0;0.9930643127
4638;0;1575;0;0.9930643127
4639;0;1575;0;0.9930643127
4640;0;1575;0;0.9930643127
4641;0;1575;0;0.9930643127
4642;0;1575;0;0.9930643127
4643;0;1575;0;0.9930643127
4644;0;1575;0;0.9930643127
4645;0;1575;0;0.9930643127
4646;0;1575;0;0.9930643127
4647;0;1575;0;0.9930643127
4648;0;1575;0;0.9930643127
4649;0;1575;0;0.9930643127
4650;0;1575;0;0.9930643127
4651;0;1575;0;0.9930643127
4652;0;1575;0;0.9930643127
4653;0;1575;0;0.9930643127
4654;0;1575;0;0.9930643127
4655;0;1575;0;0.9930643127
4656;0;1575;0;0.9930643127
4657;0;1575;0;0.9930643127
4658;0;1575;0;0.9930643127
4659;0;1575;0;0.9930643127
4660;0;1575;0;0.9930643127
4661;1;1576;0.000630517;0.9936948298
4662;0;1576;0;0.9936948298
4663;0;1576;0;0.9936948298
4664;0;1576;0;0.9936948298
4665;0;1576;0;0.9936948298
4666;0;1576;0;0.9936948298
4667;0;1576;0;0.9936948298
4668;0;1576;0;0.9936948298
4669;0;1576;0;0.9936948298
4670;0;1576;0;0.9936948298
4671;0;1576;0;0.9936948298
4672;0;1576;0;0.9936948298
4673;0;1576;0;0.9936948298
4674;0;1576;0;0.9936948298
4675;0;1576;0;0.9936948298
4676;0;1576;0;0.9936948298
4677;0;1576;0;0.9936948298
4678;0;1576;0;0.9936948298
4679;0;1576;0;0.9936948298
4680;0;1576;0;0.9936948298
4681;0;1576;0;0.9936948298
4682;0;1576;0;0.9936948298
4683;0;1576;0;0.9936948298
4684;0;1576;0;0.9936948298
4685;0;1576;0;0.9936948298
4686;0;1576;0;0.9936948298
4687;0;1576;0;0.9936948298
4688;0;1576;0;0.9936948298
4689;0;1576;0;0.9936948298
4690;0;1576;0;0.9936948298
4691;0;1576;0;0.9936948298
4692;0;1576;0;0.9936948298
4693;0;1576;0;0.9936948298
4694;0;1576;0;0.9936948298
4695;0;1576;0;0.9936948298
4696;0;1576;0;0.9936948298
4697;0;1576;0;0.9936948298
4698;0;1576;0;0.9936948298
4699;0;1576;0;0.9936948298
4700;0;1576;0;0.9936948298
4701;0;1576;0;0.9936948298
4702;0;1576;0;0.9936948298
4703;0;1576;0;0.9936948298
4704;0;1576;0;0.9936948298
4705;0;1576;0;0.9936948298
4706;0;1576;0;0.9936948298
4707;0;1576;0;0.9936948298
4708;0;1576;0;0.9936948298
4709;0;1576;0;0.9936948298
4710;0;1576;0;0.9936948298
4711;0;1576;0;0.9936948298
4712;0;1576;0;0.9936948298
4713;0;1576;0;0.9936948298
4714;0;1576;0;0.9936948298
4715;0;1576;0;0.9936948298
4716;0;1576;0;0.9936948298
4717;0;1576;0;0.9936948298
4718;0;1576;0;0.9936948298
4719;0;1576;0;0.9936948298
4720;0;1576;0;0.9936948298
4721;0;1576;0;0.9936948298
4722;0;1576;0;0.9936948298
4723;0;1576;0;0.9936948298
4724;0;1576;0;0.9936948298
4725;0;1576;0;0.9936948298
4726;0;1576;0;0.9936948298
4727;0;1576;0;0.9936948298
4728;0;1576;0;0.9936948298
4729;0;1576;0;0.9936948298
4730;0;1576;0;0.9936948298
4731;0;1576;0;0.9936948298
4732;0;1576;0;0.9936948298
4733;0;1576;0;0.9936948298
4734;0;1576;0;0.9936948298
4735;0;1576;0;0.9936948298
4736;1;1577;0.000630517;0.9943253468
4737;0;1577;0;0.9943253468
4738;0;1577;0;0.9943253468
4739;0;1577;0;0.9943253468
4740;0;1577;0;0.9943253468
4741;0;1577;0;0.9943253468
4742;0;1577;0;0.9943253468
4743;0;1577;0;0.9943253468
4744;0;1577;0;0.9943253468
4745;0;1577;0;0.9943253468
4746;0;1577;0;0.9943253468
4747;0;1577;0;0.9943253468
4748;0;1577;0;0.9943253468
4749;0;1577;0;0.9943253468
4750;0;1577;0;0.9943253468
4751;0;1577;0;0.9943253468
4752;0;1577;0;0.9943253468
4753;0;1577;0;0.9943253468
4754;0;1577;0;0.9943253468
4755;0;1577;0;0.9943253468
4756;0;1577;0;0.9943253468
4757;0;1577;0;0.9943253468
4758;0;1577;0;0.9943253468
4759;0;1577;0;0.9943253468
4760;0;1577;0;0.9943253468
4761;0;1577;0;0.9943253468
4762;0;1577;0;0.9943253468
4763;0;1577;0;0.9943253468
4764;0;1577;0;0.9943253468
4765;0;1577;0;0.9943253468
4766;0;1577;0;0.9943253468
4767;0;1577;0;0.9943253468
4768;0;1577;0;0.9943253468
4769;0;1577;0;0.9943253468
4770;1;1578;0.000630517;0.9949558638
4771;0;1578;0;0.9949558638
4772;0;1578;0;0.9949558638
4773;0;1578;0;0.9949558638
4774;0;1578;0;0.9949558638
4775;1;1579;0.000630517;0.9955863808
4776;0;1579;0;0.9955863808
4777;0;1579;0;0.9955863808
4778;1;1580;0.000630517;0.9962168979
4779;0;1580;0;0.9962168979
4780;0;1580;0;0.9962168979
4781;0;1580;0;0.9962168979
4782;0;1580;0;0.9962168979
4783;0;1580;0;0.9962168979
4784;0;1580;0;0.9962168979
4785;0;1580;0;0.9962168979
4786;0;1580;0;0.9962168979
4787;0;1580;0;0.9962168979
4788;0;1580;0;0.9962168979
4789;0;1580;0;0.9962168979
4790;0;1580;0;0.9962168979
4791;0;1580;0;0.9962168979
4792;0;1580;0;0.9962168979
4793;0;1580;0;0.9962168979
4794;0;1580;0;0.9962168979
4795;0;1580;0;0.9962168979
4796;0;1580;0;0.9962168979
4797;0;1580;0;0.9962168979
4798;0;1580;0;0.9962168979
4799;0;1580;0;0.9962168979
4800;0;1580;0;0.9962168979
4801;0;1580;0;0.9962168979
4802;0;1580;0;0.9962168979
4803;0;1580;0;0.9962168979
4804;0;1580;0;0.9962168979
4805;0;1580;0;0.9962168979
4806;1;1581;0.000630517;0.9968474149
4807;0;1581;0;0.9968474149
4808;0;1581;0;0.9968474149
4809;0;1581;0;0.9968474149
4810;0;1581;0;0.9968474149
4811;0;1581;0;0.9968474149
4812;0;1581;0;0.9968474149
4813;0;1581;0;0.9968474149
4814;0;1581;0;0.9968474149
4815;0;1581;0;0.9968474149
4816;0;1581;0;0.9968474149
4817;0;1581;0;0.9968474149
4818;0;1581;0;0.9968474149
4819;0;1581;0;0.9968474149
4820;0;1581;0;0.9968474149
4821;0;1581;0;0.9968474149
4822;0;1581;0;0.9968474149
4823;0;1581;0;0.9968474149
4824;0;1581;0;0.9968474149
4825;0;1581;0;0.9968474149
4826;0;1581;0;0.9968474149
4827;0;1581;0;0.9968474149
4828;0;1581;0;0.9968474149
4829;0;1581;0;0.9968474149
4830;0;1581;0;0.9968474149
4831;0;1581;0;0.9968474149
4832;0;1581;0;0.9968474149
4833;0;1581;0;0.9968474149
4834;0;1581;0;0.9968474149
4835;0;1581;0;0.9968474149
4836;0;1581;0;0.9968474149
4837;0;1581;0;0.9968474149
4838;0;1581;0;0.9968474149
4839;0;1581;0;0.9968474149
4840;0;1581;0;0.9968474149
4841;0;1581;0;0.9968474149
4842;0;1581;0;0.9968474149
4843;0;1581;0;0.9968474149
4844;0;1581;0;0.9968474149
4845;0;1581;0;0.9968474149
4846;0;1581;0;0.9968474149
4847;0;1581;0;0.9968474149
4848;0;1581;0;0.9968474149
4849;0;1581;0;0.9968474149
4850;0;1581;0;0.9968474149
4851;0;1581;0;0.9968474149
4852;0;1581;0;0.9968474149
4853;0;1581;0;0.9968474149
4854;0;1581;0;0.9968474149
4855;0;1581;0;0.9968474149
4856;0;1581;0;0.9968474149
4857;0;1581;0;0.9968474149
4858;0;1581;0;0.9968474149
4859;0;1581;0;0.9968474149
4860;0;1581;0;0.9968474149
4861;0;1581;0;0.9968474149
4862;0;1581;0;0.9968474149
4863;0;1581;0;0.9968474149
4864;0;1581;0;0.9968474149
4865;0;1581;0;0.9968474149
4866;0;1581;0;0.9968474149
4867;0;1581;0;0.9968474149
4868;0;1581;0;0.9968474149
4869;0;1581;0;0.9968474149
4870;0;1581;0;0.9968474149
4871;0;1581;0;0.9968474149
4872;0;1581;0;0.9968474149
4873;0;1581;0;0.9968474149
4874;0;1581;0;0.9968474149
4875;0;1581;0;0.9968474149
4876;0;1581;0;0.9968474149
4877;0;1581;0;0.9968474149
4878;0;1581;0;0.9968474149
4879;0;1581;0;0.9968474149
4880;0;1581;0;0.9968474149
4881;0;1581;0;0.9968474149
4882;0;1581;0;0.9968474149
4883;0;1581;0;0.9968474149
4884;0;1581;0;0.9968474149
4885;0;1581;0;0.9968474149
4886;0;1581;0;0.9968474149
4887;0;1581;0;0.9968474149
4888;0;1581;0;0.9968474149
4889;0;1581;0;0.9968474149
4890;0;1581;0;0.9968474149
4891;0;1581;0;0.9968474149
4892;0;1581;0;0.9968474149
4893;0;1581;0;0.9968474149
4894;0;1581;0;0.9968474149
4895;0;1581;0;0.9968474149
4896;0;1581;0;0.9968474149
4897;0;1581;0;0.9968474149
4898;0;1581;0;0.9968474149
4899;0;1581;0;0.9968474149
4900;0;1581;0;0.9968474149
4901;0;1581;0;0.9968474149
4902;0;1581;0;0.9968474149
4903;0;1581;0;0.9968474149
4904;0;1581;0;0.9968474149
4905;0;1581;0;0.9968474149
4906;0;1581;0;0.9968474149
4907;0;1581;0;0.9968474149
4908;0;1581;0;0.9968474149
4909;0;1581;0;0.9968474149
4910;0;1581;0;0.9968474149
4911;0;1581;0;0.9968474149
4912;0;1581;0;0.9968474149
4913;0;1581;0;0.9968474149
4914;0;1581;0;0.9968474149
4915;0;1581;0;0.9968474149
4916;0;1581;0;0.9968474149
4917;0;1581;0;0.9968474149
4918;0;1581;0;0.9968474149
4919;0;1581;0;0.9968474149
4920;0;1581;0;0.9968474149
4921;0;1581;0;0.9968474149
4922;0;1581;0;0.9968474149
4923;0;1581;0;0.9968474149
4924;0;1581;0;0.9968474149
4925;0;1581;0;0.9968474149
4926;0;1581;0;0.9968474149
4927;0;1581;0;0.9968474149
4928;0;1581;0;0.9968474149
4929;0;1581;0;0.9968474149
4930;0;1581;0;0.9968474149
4931;0;1581;0;0.9968474149
4932;0;1581;0;0.9968474149
4933;0;1581;0;0.9968474149
4934;0;1581;0;0.9968474149
4935;0;1581;0;0.9968474149
4936;0;1581;0;0.9968474149
4937;0;1581;0;0.9968474149
4938;0;1581;0;0.9968474149
4939;0;1581;0;0.9968474149
4940;0;1581;0;0.9968474149
4941;0;1581;0;0.9968474149
4942;0;1581;0;0.9968474149
4943;0;1581;0;0.9968474149
4944;0;1581;0;0.9968474149
4945;0;1581;0;0.9968474149
4946;0;1581;0;0.9968474149
4947;0;1581;0;0.9968474149
4948;0;1581;0;0.9968474149
4949;0;1581;0;0.9968474149
4950;0;1581;0;0.9968474149
4951;0;1581;0;0.9968474149
4952;0;1581;0;0.9968474149
4953;0;1581;0;0.9968474149
4954;0;1581;0;0.9968474149
4955;0;1581;0;0.9968474149
4956;0;1581;0;0.9968474149
4957;0;1581;0;0.9968474149
4958;0;1581;0;0.9968474149
4959;0;1581;0;0.9968474149
4960;0;1581;0;0.9968474149
4961;0;1581;0;0.9968474149
4962;0;1581;0;0.9968474149
4963;0;1581;0;0.9968474149
4964;0;1581;0;0.9968474149
4965;0;1581;0;0.9968474149
4966;0;1581;0;0.9968474149
4967;0;1581;0;0.9968474149
4968;0;1581;0;0.9968474149
4969;0;1581;0;0.9968474149
4970;0;1581;0;0.9968474149
4971;0;1581;0;0.9968474149
4972;0;1581;0;0.9968474149
4973;0;1581;0;0.9968474149
4974;0;1581;0;0.9968474149
4975;0;1581;0;0.9968474149
4976;0;1581;0;0.9968474149
4977;0;1581;0;0.9968474149
4978;0;1581;0;0.9968474149
4979;0;1581;0;0.9968474149
4980;0;1581;0;0.9968474149
4981;0;1581;0;0.9968474149
4982;0;1581;0;0.9968474149
4983;0;1581;0;0.9968474149
4984;0;1581;0;0.9968474149
4985;0;1581;0;0.9968474149
4986;0;1581;0;0.9968474149
4987;0;1581;0;0.9968474149
4988;0;1581;0;0.9968474149
4989;0;1581;0;0.9968474149
4990;0;1581;0;0.9968474149
4991;0;1581;0;0.9968474149
4992;0;1581;0;0.9968474149
4993;0;1581;0;0.9968474149
4994;0;1581;0;0.9968474149
4995;0;1581;0;0.9968474149
4996;0;1581;0;0.9968474149
4997;0;1581;0;0.9968474149
4998;0;1581;0;0.9968474149
4999;0;1581;0;0.9968474149
5000;0;1581;0;0.9968474149
5001;0;1581;0;0.9968474149
5002;0;1581;0;0.9968474149
5003;0;1581;0;0.9968474149
5004;0;1581;0;0.9968474149
5005;0;1581;0;0.9968474149
5006;0;1581;0;0.9968474149
5007;0;1581;0;0.9968474149
5008;0;1581;0;0.9968474149
5009;0;1581;0;0.9968474149
5010;0;1581;0;0.9968474149
5011;0;1581;0;0.9968474149
5012;0;1581;0;0.9968474149
5013;0;1581;0;0.9968474149
5014;0;1581;0;0.9968474149
5015;0;1581;0;0.9968474149
5016;0;1581;0;0.9968474149
5017;0;1581;0;0.9968474149
5018;0;1581;0;0.9968474149
5019;0;1581;0;0.9968474149
5020;0;1581;0;0.9968474149
5021;0;1581;0;0.9968474149
5022;0;1581;0;0.9968474149
5023;0;1581;0;0.9968474149
5024;0;1581;0;0.9968474149
5025;0;1581;0;0.9968474149
5026;0;1581;0;0.9968474149
5027;0;1581;0;0.9968474149
5028;0;1581;0;0.9968474149
5029;0;1581;0;0.9968474149
5030;0;1581;0;0.9968474149
5031;0;1581;0;0.9968474149
5032;0;1581;0;0.9968474149
5033;0;1581;0;0.9968474149
5034;0;1581;0;0.9968474149
5035;0;1581;0;0.9968474149
5036;0;1581;0;0.9968474149
5037;0;1581;0;0.9968474149
5038;0;1581;0;0.9968474149
5039;0;1581;0;0.9968474149
5040;0;1581;0;0.9968474149
5041;0;1581;0;0.9968474149
5042;0;1581;0;0.9968474149
5043;0;1581;0;0.9968474149
5044;0;1581;0;0.9968474149
5045;0;1581;0;0.9968474149
5046;0;1581;0;0.9968474149
5047;0;1581;0;0.9968474149
5048;0;1581;0;0.9968474149
5049;0;1581;0;0.9968474149
5050;0;1581;0;0.9968474149
5051;0;1581;0;0.9968474149
5052;0;1581;0;0.9968474149
5053;0;1581;0;0.9968474149
5054;0;1581;0;0.9968474149
5055;0;1581;0;0.9968474149
5056;0;1581;0;0.9968474149
5057;0;1581;0;0.9968474149
5058;0;1581;0;0.9968474149
5059;0;1581;0;0.9968474149
5060;0;1581;0;0.9968474149
5061;0;1581;0;0.9968474149
5062;0;1581;0;0.9968474149
5063;0;1581;0;0.9968474149
5064;0;1581;0;0.9968474149
5065;0;1581;0;0.9968474149
5066;0;1581;0;0.9968474149
5067;0;1581;0;0.9968474149
5068;0;1581;0;0.9968474149
5069;0;1581;0;0.9968474149
5070;0;1581;0;0.9968474149
5071;0;1581;0;0.9968474149
5072;0;1581;0;0.9968474149
5073;0;1581;0;0.9968474149
5074;0;1581;0;0.9968474149
5075;0;1581;0;0.9968474149
5076;0;1581;0;0.9968474149
5077;0;1581;0;0.9968474149
5078;0;1581;0;0.9968474149
5079;0;1581;0;0.9968474149
5080;0;1581;0;0.9968474149
5081;0;1581;0;0.9968474149
5082;0;1581;0;0.9968474149
5083;0;1581;0;0.9968474149
5084;0;1581;0;0.9968474149
5085;0;1581;0;0.9968474149
5086;0;1581;0;0.9968474149
5087;0;1581;0;0.9968474149
5088;0;1581;0;0.9968474149
5089;0;1581;0;0.9968474149
5090;0;1581;0;0.9968474149
5091;0;1581;0;0.9968474149
5092;0;1581;0;0.9968474149
5093;0;1581;0;0.9968474149
5094;0;1581;0;0.9968474149
5095;0;1581;0;0.9968474149
5096;0;1581;0;0.9968474149
5097;0;1581;0;0.9968474149
5098;0;1581;0;0.9968474149
5099;0;1581;0;0.9968474149
5100;0;1581;0;0.9968474149
5101;0;1581;0;0.9968474149
5102;0;1581;0;0.9968474149
5103;0;1581;0;0.9968474149
5104;0;1581;0;0.9968474149
5105;0;1581;0;0.9968474149
5106;0;1581;0;0.9968474149
5107;0;1581;0;0.9968474149
5108;0;1581;0;0.9968474149
5109;0;1581;0;0.9968474149
5110;0;1581;0;0.9968474149
5111;0;1581;0;0.9968474149
5112;0;1581;0;0.9968474149
5113;0;1581;0;0.9968474149
5114;0;1581;0;0.9968474149
5115;0;1581;0;0.9968474149
5116;1;1582;0.000630517;0.9974779319
5117;0;1582;0;0.9974779319
5118;0;1582;0;0.9974779319
5119;0;1582;0;0.9974779319
5120;0;1582;0;0.9974779319
5121;0;1582;0;0.9974779319
5122;0;1582;0;0.9974779319
5123;0;1582;0;0.9974779319
5124;0;1582;0;0.9974779319
5125;0;1582;0;0.9974779319
5126;0;1582;0;0.9974779319
5127;0;1582;0;0.9974779319
5128;0;1582;0;0.9974779319
5129;0;1582;0;0.9974779319
5130;0;1582;0;0.9974779319
5131;0;1582;0;0.9974779319
5132;0;1582;0;0.9974779319
5133;0;1582;0;0.9974779319
5134;0;1582;0;0.9974779319
5135;0;1582;0;0.9974779319
5136;0;1582;0;0.9974779319
5137;0;1582;0;0.9974779319
5138;0;1582;0;0.9974779319
5139;0;1582;0;0.9974779319
5140;0;1582;0;0.9974779319
5141;0;1582;0;0.9974779319
5142;0;1582;0;0.9974779319
5143;0;1582;0;0.9974779319
5144;0;1582;0;0.9974779319
5145;0;1582;0;0.9974779319
5146;0;1582;0;0.9974779319
5147;0;1582;0;0.9974779319
5148;0;1582;0;0.9974779319
5149;0;1582;0;0.9974779319
5150;0;1582;0;0.9974779319
5151;0;1582;0;0.9974779319
5152;0;1582;0;0.9974779319
5153;0;1582;0;0.9974779319
5154;0;1582;0;0.9974779319
5155;0;1582;0;0.9974779319
5156;0;1582;0;0.9974779319
5157;0;1582;0;0.9974779319
5158;0;1582;0;0.9974779319
5159;0;1582;0;0.9974779319
5160;0;1582;0;0.9974779319
5161;0;1582;0;0.9974779319
5162;0;1582;0;0.9974779319
5163;0;1582;0;0.9974779319
5164;0;1582;0;0.9974779319
5165;0;1582;0;0.9974779319
5166;0;1582;0;0.9974779319
5167;0;1582;0;0.9974779319
5168;0;1582;0;0.9974779319
5169;0;1582;0;0.9974779319
5170;0;1582;0;0.9974779319
5171;0;1582;0;0.9974779319
5172;0;1582;0;0.9974779319
5173;0;1582;0;0.9974779319
5174;0;1582;0;0.9974779319
5175;0;1582;0;0.9974779319
5176;0;1582;0;0.9974779319
5177;0;1582;0;0.9974779319
5178;0;1582;0;0.9974779319
5179;0;1582;0;0.9974779319
5180;0;1582;0;0.9974779319
5181;0;1582;0;0.9974779319
5182;0;1582;0;0.9974779319
5183;0;1582;0;0.9974779319
5184;0;1582;0;0.9974779319
5185;0;1582;0;0.9974779319
5186;0;1582;0;0.9974779319
5187;0;1582;0;0.9974779319
5188;0;1582;0;0.9974779319
5189;0;1582;0;0.9974779319
5190;0;1582;0;0.9974779319
5191;0;1582;0;0.9974779319
5192;0;1582;0;0.9974779319
5193;0;1582;0;0.9974779319
5194;0;1582;0;0.9974779319
5195;0;1582;0;0.9974779319
5196;0;1582;0;0.9974779319
5197;0;1582;0;0.9974779319
5198;0;1582;0;0.9974779319
5199;0;1582;0;0.9974779319
5200;0;1582;0;0.9974779319
5201;0;1582;0;0.9974779319
5202;0;1582;0;0.9974779319
5203;0;1582;0;0.9974779319
5204;0;1582;0;0.9974779319
5205;0;1582;0;0.9974779319
5206;0;1582;0;0.9974779319
5207;0;1582;0;0.9974779319
5208;0;1582;0;0.9974779319
5209;0;1582;0;0.9974779319
5210;0;1582;0;0.9974779319
5211;0;1582;0;0.9974779319
5212;0;1582;0;0.9974779319
5213;0;1582;0;0.9974779319
5214;0;1582;0;0.9974779319
5215;0;1582;0;0.9974779319
5216;0;1582;0;0.9974779319
5217;0;1582;0;0.9974779319
5218;0;1582;0;0.9974779319
5219;0;1582;0;0.9974779319
5220;0;1582;0;0.9974779319
5221;0;1582;0;0.9974779319
5222;0;1582;0;0.9974779319
5223;0;1582;0;0.9974779319
5224;0;1582;0;0.9974779319
5225;0;1582;0;0.9974779319
5226;0;1582;0;0.9974779319
5227;0;1582;0;0.9974779319
5228;0;1582;0;0.9974779319
5229;1;1583;0.000630517;0.9981084489
5230;0;1583;0;0.9981084489
5231;0;1583;0;0.9981084489
5232;0;1583;0;0.9981084489
5233;0;1583;0;0.9981084489
5234;0;1583;0;0.9981084489
5235;0;1583;0;0.9981084489
5236;0;1583;0;0.9981084489
5237;0;1583;0;0.9981084489
5238;0;1583;0;0.9981084489
5239;0;1583;0;0.9981084489
5240;0;1583;0;0.9981084489
5241;0;1583;0;0.9981084489
5242;0;1583;0;0.9981084489
5243;0;1583;0;0.9981084489
5244;0;1583;0;0.9981084489
5245;0;1583;0;0.9981084489
5246;0;1583;0;0.9981084489
5247;0;1583;0;0.9981084489
5248;0;1583;0;0.9981084489
5249;0;1583;0;0.9981084489
5250;0;1583;0;0.9981084489
5251;0;1583;0;0.9981084489
5252;0;1583;0;0.9981084489
5253;0;1583;0;0.9981084489
5254;0;1583;0;0.9981084489
5255;0;1583;0;0.9981084489
5256;0;1583;0;0.9981084489
5257;0;1583;0;0.9981084489
5258;0;1583;0;0.9981084489
5259;0;1583;0;0.9981084489
5260;0;1583;0;0.9981084489
5261;0;1583;0;0.9981084489
5262;0;1583;0;0.9981084489
5263;0;1583;0;0.9981084489
5264;0;1583;0;0.9981084489
5265;0;1583;0;0.9981084489
5266;0;1583;0;0.9981084489
5267;0;1583;0;0.9981084489
5268;0;1583;0;0.9981084489
5269;0;1583;0;0.9981084489
5270;0;1583;0;0.9981084489
5271;0;1583;0;0.9981084489
5272;0;1583;0;0.9981084489
5273;0;1583;0;0.9981084489
5274;0;1583;0;0.9981084489
5275;0;1583;0;0.9981084489
5276;0;1583;0;0.9981084489
5277;0;1583;0;0.9981084489
5278;0;1583;0;0.9981084489
5279;0;1583;0;0.9981084489
5280;0;1583;0;0.9981084489
5281;0;1583;0;0.9981084489
5282;0;1583;0;0.9981084489
5283;0;1583;0;0.9981084489
5284;0;1583;0;0.9981084489
5285;0;1583;0;0.9981084489
5286;0;1583;0;0.9981084489
5287;0;1583;0;0.9981084489
5288;0;1583;0;0.9981084489
5289;0;1583;0;0.9981084489
5290;0;1583;0;0.9981084489
5291;0;1583;0;0.9981084489
5292;0;1583;0;0.9981084489
5293;0;1583;0;0.9981084489
5294;0;1583;0;0.9981084489
5295;0;1583;0;0.9981084489
5296;0;1583;0;0.9981084489
5297;0;1583;0;0.9981084489
5298;0;1583;0;0.9981084489
5299;0;1583;0;0.9981084489
5300;0;1583;0;0.9981084489
5301;0;1583;0;0.9981084489
5302;0;1583;0;0.9981084489
5303;0;1583;0;0.9981084489
5304;0;1583;0;0.9981084489
5305;0;1583;0;0.9981084489
5306;0;1583;0;0.9981084489
5307;0;1583;0;0.9981084489
5308;0;1583;0;0.9981084489
5309;0;1583;0;0.9981084489
5310;0;1583;0;0.9981084489
5311;0;1583;0;0.9981084489
5312;0;1583;0;0.9981084489
5313;0;1583;0;0.9981084489
5314;0;1583;0;0.9981084489
5315;0;1583;0;0.9981084489
5316;0;1583;0;0.9981084489
5317;0;1583;0;0.9981084489
5318;0;1583;0;0.9981084489
5319;0;1583;0;0.9981084489
5320;0;1583;0;0.9981084489
5321;0;1583;0;0.9981084489
5322;0;1583;0;0.9981084489
5323;0;1583;0;0.9981084489
5324;0;1583;0;0.9981084489
5325;0;1583;0;0.9981084489
5326;0;1583;0;0.9981084489
5327;0;1583;0;0.9981084489
5328;0;1583;0;0.9981084489
5329;0;1583;0;0.9981084489
5330;0;1583;0;0.9981084489
5331;0;1583;0;0.9981084489
5332;0;1583;0;0.9981084489
5333;0;1583;0;0.9981084489
5334;0;1583;0;0.9981084489
5335;0;1583;0;0.9981084489
5336;0;1583;0;0.9981084489
5337;0;1583;0;0.9981084489
5338;0;1583;0;0.9981084489
5339;0;1583;0;0.9981084489
5340;0;1583;0;0.9981084489
5341;0;1583;0;0.9981084489
5342;0;1583;0;0.9981084489
5343;0;1583;0;0.9981084489
5344;0;1583;0;0.9981084489
5345;0;1583;0;0.9981084489
5346;0;1583;0;0.9981084489
5347;0;1583;0;0.9981084489
5348;0;1583;0;0.9981084489
5349;0;1583;0;0.9981084489
5350;0;1583;0;0.9981084489
5351;0;1583;0;0.9981084489
5352;0;1583;0;0.9981084489
5353;0;1583;0;0.9981084489
5354;0;1583;0;0.9981084489
5355;0;1583;0;0.9981084489
5356;0;1583;0;0.9981084489
5357;0;1583;0;0.9981084489
5358;0;1583;0;0.9981084489
5359;0;1583;0;0.9981084489
5360;0;1583;0;0.9981084489
5361;0;1583;0;0.9981084489
5362;0;1583;0;0.9981084489
5363;0;1583;0;0.9981084489
5364;0;1583;0;0.9981084489
5365;0;1583;0;0.9981084489
5366;0;1583;0;0.9981084489
5367;0;1583;0;0.9981084489
5368;0;1583;0;0.9981084489
5369;0;1583;0;0.9981084489
5370;0;1583;0;0.9981084489
5371;0;1583;0;0.9981084489
5372;0;1583;0;0.9981084489
5373;0;1583;0;0.9981084489
5374;0;1583;0;0.9981084489
5375;0;1583;0;0.9981084489
5376;0;1583;0;0.9981084489
5377;0;1583;0;0.9981084489
5378;0;1583;0;0.9981084489
5379;0;1583;0;0.9981084489
5380;0;1583;0;0.9981084489
5381;0;1583;0;0.9981084489
5382;0;1583;0;0.9981084489
5383;0;1583;0;0.9981084489
5384;0;1583;0;0.9981084489
5385;0;1583;0;0.9981084489
5386;0;1583;0;0.9981084489
5387;0;1583;0;0.9981084489
5388;0;1583;0;0.9981084489
5389;0;1583;0;0.9981084489
5390;0;1583;0;0.9981084489
5391;0;1583;0;0.9981084489
5392;0;1583;0;0.9981084489
5393;0;1583;0;0.9981084489
5394;0;1583;0;0.9981084489
5395;0;1583;0;0.9981084489
5396;0;1583;0;0.9981084489
5397;0;1583;0;0.9981084489
5398;0;1583;0;0.9981084489
5399;0;1583;0;0.9981084489
5400;1;1584;0.000630517;0.998738966
5401;0;1584;0;0.998738966
5402;0;1584;0;0.998738966
5403;0;1584;0;0.998738966
5404;0;1584;0;0.998738966
5405;0;1584;0;0.998738966
5406;0;1584;0;0.998738966
5407;0;1584;0;0.998738966
5408;0;1584;0;0.998738966
5409;0;1584;0;0.998738966
5410;0;1584;0;0.998738966
5411;0;1584;0;0.998738966
5412;0;1584;0;0.998738966
5413;0;1584;0;0.998738966
5414;0;1584;0;0.998738966
5415;0;1584;0;0.998738966
5416;0;1584;0;0.998738966
5417;0;1584;0;0.998738966
5418;0;1584;0;0.998738966
5419;0;1584;0;0.998738966
5420;0;1584;0;0.998738966
5421;0;1584;0;0.998738966
5422;0;1584;0;0.998738966
5423;0;1584;0;0.998738966
5424;0;1584;0;0.998738966
5425;0;1584;0;0.998738966
5426;0;1584;0;0.998738966
5427;0;1584;0;0.998738966
5428;0;1584;0;0.998738966
5429;0;1584;0;0.998738966
5430;0;1584;0;0.998738966
5431;0;1584;0;0.998738966
5432;0;1584;0;0.998738966
5433;0;1584;0;0.998738966
5434;0;1584;0;0.998738966
5435;0;1584;0;0.998738966
5436;0;1584;0;0.998738966
5437;0;1584;0;0.998738966
5438;0;1584;0;0.998738966
5439;0;1584;0;0.998738966
5440;0;1584;0;0.998738966
5441;0;1584;0;0.998738966
5442;0;1584;0;0.998738966
5443;0;1584;0;0.998738966
5444;0;1584;0;0.998738966
5445;0;1584;0;0.998738966
5446;0;1584;0;0.998738966
5447;0;1584;0;0.998738966
5448;0;1584;0;0.998738966
5449;0;1584;0;0.998738966
5450;0;1584;0;0.998738966
5451;0;1584;0;0.998738966
5452;0;1584;0;0.998738966
5453;0;1584;0;0.998738966
5454;0;1584;0;0.998738966
5455;0;1584;0;0.998738966
5456;0;1584;0;0.998738966
5457;0;1584;0;0.998738966
5458;0;1584;0;0.998738966
5459;0;1584;0;0.998738966
5460;0;1584;0;0.998738966
5461;0;1584;0;0.998738966
5462;0;1584;0;0.998738966
5463;0;1584;0;0.998738966
5464;0;1584;0;0.998738966
5465;0;1584;0;0.998738966
5466;0;1584;0;0.998738966
5467;0;1584;0;0.998738966
5468;0;1584;0;0.998738966
5469;0;1584;0;0.998738966
5470;0;1584;0;0.998738966
5471;0;1584;0;0.998738966
5472;0;1584;0;0.998738966
5473;0;1584;0;0.998738966
5474;0;1584;0;0.998738966
5475;0;1584;0;0.998738966
5476;0;1584;0;0.998738966
5477;0;1584;0;0.998738966
5478;0;1584;0;0.998738966
5479;0;1584;0;0.998738966
5480;0;1584;0;0.998738966
5481;0;1584;0;0.998738966
5482;0;1584;0;0.998738966
5483;0;1584;0;0.998738966
5484;0;1584;0;0.998738966
5485;0;1584;0;0.998738966
5486;0;1584;0;0.998738966
5487;0;1584;0;0.998738966
5488;0;1584;0;0.998738966
5489;0;1584;0;0.998738966
5490;0;1584;0;0.998738966
5491;0;1584;0;0.998738966
5492;0;1584;0;0.998738966
5493;0;1584;0;0.998738966
5494;0;1584;0;0.998738966
5495;0;1584;0;0.998738966
5496;0;1584;0;0.998738966
5497;0;1584;0;0.998738966
5498;0;1584;0;0.998738966
5499;0;1584;0;0.998738966
5500;0;1584;0;0.998738966
5501;0;1584;0;0.998738966
5502;0;1584;0;0.998738966
5503;0;1584;0;0.998738966
5504;0;1584;0;0.998738966
5505;0;1584;0;0.998738966
5506;0;1584;0;0.998738966
5507;0;1584;0;0.998738966
5508;0;1584;0;0.998738966
5509;0;1584;0;0.998738966
5510;0;1584;0;0.998738966
5511;0;1584;0;0.998738966
5512;0;1584;0;0.998738966
5513;0;1584;0;0.998738966
5514;0;1584;0;0.998738966
5515;0;1584;0;0.998738966
5516;0;1584;0;0.998738966
5517;0;1584;0;0.998738966
5518;0;1584;0;0.998738966
5519;0;1584;0;0.998738966
5520;0;1584;0;0.998738966
5521;0;1584;0;0.998738966
5522;0;1584;0;0.998738966
5523;0;1584;0;0.998738966
5524;0;1584;0;0.998738966
5525;0;1584;0;0.998738966
5526;0;1584;0;0.998738966
5527;0;1584;0;0.998738966
5528;0;1584;0;0.998738966
5529;0;1584;0;0.998738966
5530;0;1584;0;0.998738966
5531;0;1584;0;0.998738966
5532;0;1584;0;0.998738966
5533;0;1584;0;0.998738966
5534;0;1584;0;0.998738966
5535;0;1584;0;0.998738966
5536;0;1584;0;0.998738966
5537;0;1584;0;0.998738966
5538;0;1584;0;0.998738966
5539;0;1584;0;0.998738966
5540;0;1584;0;0.998738966
5541;0;1584;0;0.998738966
5542;0;1584;0;0.998738966
5543;0;1584;0;0.998738966
5544;0;1584;0;0.998738966
5545;0;1584;0;0.998738966
5546;0;1584;0;0.998738966
5547;0;1584;0;0.998738966
5548;0;1584;0;0.998738966
5549;0;1584;0;0.998738966
5550;0;1584;0;0.998738966
5551;0;1584;0;0.998738966
5552;0;1584;0;0.998738966
5553;0;1584;0;0.998738966
5554;0;1584;0;0.998738966
5555;0;1584;0;0.998738966
5556;0;1584;0;0.998738966
5557;0;1584;0;0.998738966
5558;0;1584;0;0.998738966
5559;0;1584;0;0.998738966
5560;0;1584;0;0.998738966
5561;0;1584;0;0.998738966
5562;0;1584;0;0.998738966
5563;0;1584;0;0.998738966
5564;0;1584;0;0.998738966
5565;0;1584;0;0.998738966
5566;0;1584;0;0.998738966
5567;0;1584;0;0.998738966
5568;0;1584;0;0.998738966
5569;0;1584;0;0.998738966
5570;0;1584;0;0.998738966
5571;0;1584;0;0.998738966
5572;0;1584;0;0.998738966
5573;0;1584;0;0.998738966
5574;0;1584;0;0.998738966
5575;0;1584;0;0.998738966
5576;0;1584;0;0.998738966
5577;0;1584;0;0.998738966
5578;0;1584;0;0.998738966
5579;0;1584;0;0.998738966
5580;0;1584;0;0.998738966
5581;0;1584;0;0.998738966
5582;0;1584;0;0.998738966
5583;0;1584;0;0.998738966
5584;0;1584;0;0.998738966
5585;0;1584;0;0.998738966
5586;0;1584;0;0.998738966
5587;0;1584;0;0.998738966
5588;0;1584;0;0.998738966
5589;0;1584;0;0.998738966
5590;0;1584;0;0.998738966
5591;0;1584;0;0.998738966
5592;0;1584;0;0.998738966
5593;0;1584;0;0.998738966
5594;0;1584;0;0.998738966
5595;0;1584;0;0.998738966
5596;0;1584;0;0.998738966
5597;0;1584;0;0.998738966
5598;0;1584;0;0.998738966
5599;0;1584;0;0.998738966
5600;0;1584;0;0.998738966
5601;0;1584;0;0.998738966
5602;0;1584;0;0.998738966
5603;0;1584;0;0.998738966
5604;0;1584;0;0.998738966
5605;0;1584;0;0.998738966
5606;0;1584;0;0.998738966
5607;0;1584;0;0.998738966
5608;0;1584;0;0.998738966
5609;0;1584;0;0.998738966
5610;0;1584;0;0.998738966
5611;0;1584;0;0.998738966
5612;0;1584;0;0.998738966
5613;0;1584;0;0.998738966
5614;0;1584;0;0.998738966
5615;0;1584;0;0.998738966
5616;0;1584;0;0.998738966
5617;0;1584;0;0.998738966
5618;0;1584;0;0.998738966
5619;0;1584;0;0.998738966
5620;0;1584;0;0.998738966
5621;0;1584;0;0.998738966
5622;0;1584;0;0.998738966
5623;0;1584;0;0.998738966
5624;0;1584;0;0.998738966
5625;0;1584;0;0.998738966
5626;0;1584;0;0.998738966
5627;0;1584;0;0.998738966
5628;0;1584;0;0.998738966
5629;0;1584;0;0.998738966
5630;0;1584;0;0.998738966
5631;0;1584;0;0.998738966
5632;0;1584;0;0.998738966
5633;0;1584;0;0.998738966
5634;0;1584;0;0.998738966
5635;0;1584;0;0.998738966
5636;0;1584;0;0.998738966
5637;0;1584;0;0.998738966
5638;0;1584;0;0.998738966
5639;0;1584;0;0.998738966
5640;0;1584;0;0.998738966
5641;0;1584;0;0.998738966
5642;0;1584;0;0.998738966
5643;0;1584;0;0.998738966
5644;0;1584;0;0.998738966
5645;0;1584;0;0.998738966
5646;0;1584;0;0.998738966
5647;0;1584;0;0.998738966
5648;0;1584;0;0.998738966
5649;0;1584;0;0.998738966
5650;0;1584;0;0.998738966
5651;0;1584;0;0.998738966
5652;0;1584;0;0.998738966
5653;0;1584;0;0.998738966
5654;0;1584;0;0.998738966
5655;0;1584;0;0.998738966
5656;0;1584;0;0.998738966
5657;0;1584;0;0.998738966
5658;0;1584;0;0.998738966
5659;0;1584;0;0.998738966
5660;0;1584;0;0.998738966
5661;0;1584;0;0.998738966
5662;0;1584;0;0.998738966
5663;0;1584;0;0.998738966
5664;0;1584;0;0.998738966
5665;0;1584;0;0.998738966
5666;0;1584;0;0.998738966
5667;0;1584;0;0.998738966
5668;0;1584;0;0.998738966
5669;0;1584;0;0.998738966
5670;0;1584;0;0.998738966
5671;0;1584;0;0.998738966
5672;0;1584;0;0.998738966
5673;0;1584;0;0.998738966
5674;0;1584;0;0.998738966
5675;0;1584;0;0.998738966
5676;0;1584;0;0.998738966
5677;0;1584;0;0.998738966
5678;0;1584;0;0.998738966
5679;0;1584;0;0.998738966
5680;0;1584;0;0.998738966
5681;0;1584;0;0.998738966
5682;0;1584;0;0.998738966
5683;0;1584;0;0.998738966
5684;0;1584;0;0.998738966
5685;0;1584;0;0.998738966
5686;0;1584;0;0.998738966
5687;0;1584;0;0.998738966
5688;0;1584;0;0.998738966
5689;0;1584;0;0.998738966
5690;0;1584;0;0.998738966
5691;0;1584;0;0.998738966
5692;0;1584;0;0.998738966
5693;0;1584;0;0.998738966
5694;0;1584;0;0.998738966
5695;0;1584;0;0.998738966
5696;0;1584;0;0.998738966
5697;0;1584;0;0.998738966
5698;0;1584;0;0.998738966
5699;0;1584;0;0.998738966
5700;0;1584;0;0.998738966
5701;0;1584;0;0.998738966
5702;0;1584;0;0.998738966
5703;0;1584;0;0.998738966
5704;0;1584;0;0.998738966
5705;0;1584;0;0.998738966
5706;0;1584;0;0.998738966
5707;0;1584;0;0.998738966
5708;0;1584;0;0.998738966
5709;0;1584;0;0.998738966
5710;0;1584;0;0.998738966
5711;0;1584;0;0.998738966
5712;0;1584;0;0.998738966
5713;0;1584;0;0.998738966
5714;0;1584;0;0.998738966
5715;0;1584;0;0.998738966
5716;0;1584;0;0.998738966
5717;0;1584;0;0.998738966
5718;0;1584;0;0.998738966
5719;0;1584;0;0.998738966
5720;0;1584;0;0.998738966
5721;0;1584;0;0.998738966
5722;0;1584;0;0.998738966
5723;0;1584;0;0.998738966
5724;0;1584;0;0.998738966
5725;0;1584;0;0.998738966
5726;0;1584;0;0.998738966
5727;0;1584;0;0.998738966
5728;0;1584;0;0.998738966
5729;0;1584;0;0.998738966
5730;0;1584;0;0.998738966
5731;0;1584;0;0.998738966
5732;0;1584;0;0.998738966
5733;0;1584;0;0.998738966
5734;0;1584;0;0.998738966
5735;0;1584;0;0.998738966
5736;0;1584;0;0.998738966
5737;0;1584;0;0.998738966
5738;0;1584;0;0.998738966
5739;0;1584;0;0.998738966
5740;0;1584;0;0.998738966
5741;0;1584;0;0.998738966
5742;0;1584;0;0.998738966
5743;0;1584;0;0.998738966
5744;0;1584;0;0.998738966
5745;0;1584;0;0.998738966
5746;0;1584;0;0.998738966
5747;0;1584;0;0.998738966
5748;0;1584;0;0.998738966
5749;0;1584;0;0.998738966
5750;0;1584;0;0.998738966
5751;0;1584;0;0.998738966
5752;0;1584;0;0.998738966
5753;0;1584;0;0.998738966
5754;0;1584;0;0.998738966
5755;0;1584;0;0.998738966
5756;0;1584;0;0.998738966
5757;0;1584;0;0.998738966
5758;0;1584;0;0.998738966
5759;0;1584;0;0.998738966
5760;0;1584;0;0.998738966
5761;0;1584;0;0.998738966
5762;0;1584;0;0.998738966
5763;0;1584;0;0.998738966
5764;0;1584;0;0.998738966
5765;0;1584;0;0.998738966
5766;0;1584;0;0.998738966
5767;0;1584;0;0.998738966
5768;0;1584;0;0.998738966
5769;0;1584;0;0.998738966
5770;0;1584;0;0.998738966
5771;0;1584;0;0.998738966
5772;0;1584;0;0.998738966
5773;0;1584;0;0.998738966
5774;0;1584;0;0.998738966
5775;0;1584;0;0.998738966
5776;0;1584;0;0.998738966
5777;0;1584;0;0.998738966
5778;0;1584;0;0.998738966
5779;0;1584;0;0.998738966
5780;0;1584;0;0.998738966
5781;0;1584;0;0.998738966
5782;0;1584;0;0.998738966
5783;0;1584;0;0.998738966
5784;0;1584;0;0.998738966
5785;0;1584;0;0.998738966
5786;0;1584;0;0.998738966
5787;0;1584;0;0.998738966
5788;0;1584;0;0.998738966
5789;0;1584;0;0.998738966
5790;0;1584;0;0.998738966
5791;0;1584;0;0.998738966
5792;0;1584;0;0.998738966
5793;0;1584;0;0.998738966
5794;0;1584;0;0.998738966
5795;0;1584;0;0.998738966
5796;0;1584;0;0.998738966
5797;0;1584;0;0.998738966
5798;0;1584;0;0.998738966
5799;0;1584;0;0.998738966
5800;0;1584;0;0.998738966
5801;0;1584;0;0.998738966
5802;0;1584;0;0.998738966
5803;0;1584;0;0.998738966
5804;0;1584;0;0.998738966
5805;0;1584;0;0.998738966
5806;0;1584;0;0.998738966
5807;0;1584;0;0.998738966
5808;0;1584;0;0.998738966
5809;0;1584;0;0.998738966
5810;0;1584;0;0.998738966
5811;0;1584;0;0.998738966
5812;0;1584;0;0.998738966
5813;0;1584;0;0.998738966
5814;0;1584;0;0.998738966
5815;0;1584;0;0.998738966
5816;0;1584;0;0.998738966
5817;0;1584;0;0.998738966
5818;0;1584;0;0.998738966
5819;0;1584;0;0.998738966
5820;0;1584;0;0.998738966
5821;0;1584;0;0.998738966
5822;0;1584;0;0.998738966
5823;0;1584;0;0.998738966
5824;0;1584;0;0.998738966
5825;0;1584;0;0.998738966
5826;0;1584;0;0.998738966
5827;0;1584;0;0.998738966
5828;0;1584;0;0.998738966
5829;0;1584;0;0.998738966
5830;0;1584;0;0.998738966
5831;0;1584;0;0.998738966
5832;0;1584;0;0.998738966
5833;0;1584;0;0.998738966
5834;0;1584;0;0.998738966
5835;0;1584;0;0.998738966
5836;0;1584;0;0.998738966
5837;0;1584;0;0.998738966
5838;0;1584;0;0.998738966
5839;0;1584;0;0.998738966
5840;0;1584;0;0.998738966
5841;0;1584;0;0.998738966
5842;0;1584;0;0.998738966
5843;0;1584;0;0.998738966
5844;0;1584;0;0.998738966
5845;0;1584;0;0.998738966
5846;0;1584;0;0.998738966
5847;0;1584;0;0.998738966
5848;0;1584;0;0.998738966
5849;0;1584;0;0.998738966
5850;0;1584;0;0.998738966
5851;0;1584;0;0.998738966
5852;0;1584;0;0.998738966
5853;0;1584;0;0.998738966
5854;0;1584;0;0.998738966
5855;0;1584;0;0.998738966
5856;0;1584;0;0.998738966
5857;0;1584;0;0.998738966
5858;0;1584;0;0.998738966
5859;0;1584;0;0.998738966
5860;0;1584;0;0.998738966
5861;0;1584;0;0.998738966
5862;0;1584;0;0.998738966
5863;0;1584;0;0.998738966
5864;0;1584;0;0.998738966
5865;0;1584;0;0.998738966
5866;0;1584;0;0.998738966
5867;0;1584;0;0.998738966
5868;0;1584;0;0.998738966
5869;0;1584;0;0.998738966
5870;0;1584;0;0.998738966
5871;0;1584;0;0.998738966
5872;0;1584;0;0.998738966
5873;0;1584;0;0.998738966
5874;0;1584;0;0.998738966
5875;0;1584;0;0.998738966
5876;0;1584;0;0.998738966
5877;0;1584;0;0.998738966
5878;0;1584;0;0.998738966
5879;0;1584;0;0.998738966
5880;0;1584;0;0.998738966
5881;0;1584;0;0.998738966
5882;0;1584;0;0.998738966
5883;0;1584;0;0.998738966
5884;0;1584;0;0.998738966
5885;0;1584;0;0.998738966
5886;0;1584;0;0.998738966
5887;0;1584;0;0.998738966
5888;0;1584;0;0.998738966
5889;0;1584;0;0.998738966
5890;0;1584;0;0.998738966
5891;0;1584;0;0.998738966
5892;0;1584;0;0.998738966
5893;0;1584;0;0.998738966
5894;0;1584;0;0.998738966
5895;0;1584;0;0.998738966
5896;0;1584;0;0.998738966
5897;0;1584;0;0.998738966
5898;0;1584;0;0.998738966
5899;0;1584;0;0.998738966
5900;0;1584;0;0.998738966
5901;0;1584;0;0.998738966
5902;0;1584;0;0.998738966
5903;0;1584;0;0.998738966
5904;0;1584;0;0.998738966
5905;0;1584;0;0.998738966
5906;0;1584;0;0.998738966
5907;0;1584;0;0.998738966
5908;0;1584;0;0.998738966
5909;0;1584;0;0.998738966
5910;0;1584;0;0.998738966
5911;0;1584;0;0.998738966
5912;0;1584;0;0.998738966
5913;0;1584;0;0.998738966
5914;0;1584;0;0.998738966
5915;0;1584;0;0.998738966
5916;0;1584;0;0.998738966
5917;0;1584;0;0.998738966
5918;0;1584;0;0.998738966
5919;0;1584;0;0.998738966
5920;0;1584;0;0.998738966
5921;0;1584;0;0.998738966
5922;0;1584;0;0.998738966
5923;0;1584;0;0.998738966
5924;0;1584;0;0.998738966
5925;0;1584;0;0.998738966
5926;0;1584;0;0.998738966
5927;0;1584;0;0.998738966
5928;0;1584;0;0.998738966
5929;0;1584;0;0.998738966
5930;0;1584;0;0.998738966
5931;0;1584;0;0.998738966
5932;0;1584;0;0.998738966
5933;0;1584;0;0.998738966
5934;0;1584;0;0.998738966
5935;0;1584;0;0.998738966
5936;0;1584;0;0.998738966
5937;0;1584;0;0.998738966
5938;0;1584;0;0.998738966
5939;0;1584;0;0.998738966
5940;0;1584;0;0.998738966
5941;0;1584;0;0.998738966
5942;0;1584;0;0.998738966
5943;0;1584;0;0.998738966
5944;0;1584;0;0.998738966
5945;0;1584;0;0.998738966
5946;0;1584;0;0.998738966
5947;0;1584;0;0.998738966
5948;0;1584;0;0.998738966
5949;0;1584;0;0.998738966
5950;0;1584;0;0.998738966
5951;0;1584;0;0.998738966
5952;0;1584;0;0.998738966
5953;0;1584;0;0.998738966
5954;0;1584;0;0.998738966
5955;0;1584;0;0.998738966
5956;0;1584;0;0.998738966
5957;0;1584;0;0.998738966
5958;0;1584;0;0.998738966
5959;0;1584;0;0.998738966
5960;0;1584;0;0.998738966
5961;0;1584;0;0.998738966
5962;0;1584;0;0.998738966
5963;0;1584;0;0.998738966
5964;0;1584;0;0.998738966
5965;0;1584;0;0.998738966
5966;0;1584;0;0.998738966
5967;0;1584;0;0.998738966
5968;0;1584;0;0.998738966
5969;0;1584;0;0.998738966
5970;0;1584;0;0.998738966
5971;0;1584;0;0.998738966
5972;0;1584;0;0.998738966
5973;0;1584;0;0.998738966
5974;0;1584;0;0.998738966
5975;0;1584;0;0.998738966
5976;0;1584;0;0.998738966
5977;0;1584;0;0.998738966
5978;0;1584;0;0.998738966
5979;0;1584;0;0.998738966
5980;0;1584;0;0.998738966
5981;0;1584;0;0.998738966
5982;0;1584;0;0.998738966
5983;0;1584;0;0.998738966
5984;0;1584;0;0.998738966
5985;0;1584;0;0.998738966
5986;0;1584;0;0.998738966
5987;0;1584;0;0.998738966
5988;0;1584;0;0.998738966
5989;0;1584;0;0.998738966
5990;0;1584;0;0.998738966
5991;0;1584;0;0.998738966
5992;0;1584;0;0.998738966
5993;0;1584;0;0.998738966
5994;0;1584;0;0.998738966
5995;0;1584;0;0.998738966
5996;0;1584;0;0.998738966
5997;0;1584;0;0.998738966
5998;0;1584;0;0.998738966
5999;0;1584;0;0.998738966
6000;0;1584;0;0.998738966
6001;0;1584;0;0.998738966
6002;0;1584;0;0.998738966
6003;0;1584;0;0.998738966
6004;0;1584;0;0.998738966
6005;0;1584;0;0.998738966
6006;0;1584;0;0.998738966
6007;0;1584;0;0.998738966
6008;0;1584;0;0.998738966
6009;0;1584;0;0.998738966
6010;0;1584;0;0.998738966
6011;0;1584;0;0.998738966
6012;0;1584;0;0.998738966
6013;0;1584;0;0.998738966
6014;0;1584;0;0.998738966
6015;0;1584;0;0.998738966
6016;0;1584;0;0.998738966
6017;0;1584;0;0.998738966
6018;0;1584;0;0.998738966
6019;0;1584;0;0.998738966
6020;0;1584;0;0.998738966
6021;0;1584;0;0.998738966
6022;0;1584;0;0.998738966
6023;0;1584;0;0.998738966
6024;0;1584;0;0.998738966
6025;0;1584;0;0.998738966
6026;0;1584;0;0.998738966
6027;0;1584;0;0.998738966
6028;0;1584;0;0.998738966
6029;0;1584;0;0.998738966
6030;0;1584;0;0.998738966
6031;0;1584;0;0.998738966
6032;0;1584;0;0.998738966
6033;0;1584;0;0.998738966
6034;0;1584;0;0.998738966
6035;0;1584;0;0.998738966
6036;0;1584;0;0.998738966
6037;0;1584;0;0.998738966
6038;0;1584;0;0.998738966
6039;0;1584;0;0.998738966
6040;0;1584;0;0.998738966
6041;0;1584;0;0.998738966
6042;0;1584;0;0.998738966
6043;0;1584;0;0.998738966
6044;0;1584;0;0.998738966
6045;0;1584;0;0.998738966
6046;0;1584;0;0.998738966
6047;0;1584;0;0.998738966
6048;0;1584;0;0.998738966
6049;0;1584;0;0.998738966
6050;0;1584;0;0.998738966
6051;0;1584;0;0.998738966
6052;0;1584;0;0.998738966
6053;0;1584;0;0.998738966
6054;0;1584;0;0.998738966
6055;0;1584;0;0.998738966
6056;0;1584;0;0.998738966
6057;0;1584;0;0.998738966
6058;0;1584;0;0.998738966
6059;0;1584;0;0.998738966
6060;0;1584;0;0.998738966
6061;0;1584;0;0.998738966
6062;0;1584;0;0.998738966
6063;0;1584;0;0.998738966
6064;0;1584;0;0.998738966
6065;0;1584;0;0.998738966
6066;0;1584;0;0.998738966
6067;0;1584;0;0.998738966
6068;0;1584;0;0.998738966
6069;0;1584;0;0.998738966
6070;0;1584;0;0.998738966
6071;0;1584;0;0.998738966
6072;0;1584;0;0.998738966
6073;0;1584;0;0.998738966
6074;0;1584;0;0.998738966
6075;0;1584;0;0.998738966
6076;0;1584;0;0.998738966
6077;0;1584;0;0.998738966
6078;0;1584;0;0.998738966
6079;0;1584;0;0.998738966
6080;0;1584;0;0.998738966
6081;0;1584;0;0.998738966
6082;0;1584;0;0.998738966
6083;0;1584;0;0.998738966
6084;0;1584;0;0.998738966
6085;0;1584;0;0.998738966
6086;0;1584;0;0.998738966
6087;0;1584;0;0.998738966
6088;0;1584;0;0.998738966
6089;0;1584;0;0.998738966
6090;0;1584;0;0.998738966
6091;0;1584;0;0.998738966
6092;0;1584;0;0.998738966
6093;0;1584;0;0.998738966
6094;0;1584;0;0.998738966
6095;0;1584;0;0.998738966
6096;0;1584;0;0.998738966
6097;0;1584;0;0.998738966
6098;0;1584;0;0.998738966
6099;0;1584;0;0.998738966
6100;0;1584;0;0.998738966
6101;0;1584;0;0.998738966
6102;0;1584;0;0.998738966
6103;0;1584;0;0.998738966
6104;0;1584;0;0.998738966
6105;0;1584;0;0.998738966
6106;0;1584;0;0.998738966
6107;0;1584;0;0.998738966
6108;0;1584;0;0.998738966
6109;0;1584;0;0.998738966
6110;0;1584;0;0.998738966
6111;0;1584;0;0.998738966
6112;0;1584;0;0.998738966
6113;0;1584;0;0.998738966
6114;0;1584;0;0.998738966
6115;0;1584;0;0.998738966
6116;0;1584;0;0.998738966
6117;0;1584;0;0.998738966
6118;0;1584;0;0.998738966
6119;0;1584;0;0.998738966
6120;0;1584;0;0.998738966
6121;0;1584;0;0.998738966
6122;0;1584;0;0.998738966
6123;0;1584;0;0.998738966
6124;0;1584;0;0.998738966
6125;1;1585;0.000630517;0.999369483
6126;0;1585;0;0.999369483
6127;0;1585;0;0.999369483
6128;0;1585;0;0.999369483
6129;0;1585;0;0.999369483
6130;0;1585;0;0.999369483
6131;0;1585;0;0.999369483
6132;0;1585;0;0.999369483
6133;0;1585;0;0.999369483
6134;0;1585;0;0.999369483
6135;0;1585;0;0.999369483
6136;0;1585;0;0.999369483
6137;0;1585;0;0.999369483
6138;0;1585;0;0.999369483
6139;0;1585;0;0.999369483
6140;0;1585;0;0.999369483
6141;0;1585;0;0.999369483
6142;0;1585;0;0.999369483
6143;0;1585;0;0.999369483
6144;0;1585;0;0.999369483
6145;0;1585;0;0.999369483
6146;0;1585;0;0.999369483
6147;0;1585;0;0.999369483
6148;0;1585;0;0.999369483
6149;0;1585;0;0.999369483
6150;0;1585;0;0.999369483
6151;0;1585;0;0.999369483
6152;0;1585;0;0.999369483
6153;0;1585;0;0.999369483
6154;0;1585;0;0.999369483
6155;0;1585;0;0.999369483
6156;0;1585;0;0.999369483
6157;0;1585;0;0.999369483
6158;0;1585;0;0.999369483
6159;0;1585;0;0.999369483
6160;0;1585;0;0.999369483
6161;0;1585;0;0.999369483
6162;0;1585;0;0.999369483
6163;0;1585;0;0.999369483
6164;0;1585;0;0.999369483
6165;0;1585;0;0.999369483
6166;0;1585;0;0.999369483
6167;0;1585;0;0.999369483
6168;0;1585;0;0.999369483
6169;0;1585;0;0.999369483
6170;0;1585;0;0.999369483
6171;0;1585;0;0.999369483
6172;0;1585;0;0.999369483
6173;0;1585;0;0.999369483
6174;0;1585;0;0.999369483
6175;0;1585;0;0.999369483
6176;0;1585;0;0.999369483
6177;0;1585;0;0.999369483
6178;0;1585;0;0.999369483
6179;0;1585;0;0.999369483
6180;0;1585;0;0.999369483
6181;0;1585;0;0.999369483
6182;0;1585;0;0.999369483
6183;0;1585;0;0.999369483
6184;0;1585;0;0.999369483
6185;0;1585;0;0.999369483
6186;0;1585;0;0.999369483
6187;0;1585;0;0.999369483
6188;0;1585;0;0.999369483
6189;0;1585;0;0.999369483
6190;0;1585;0;0.999369483
6191;0;1585;0;0.999369483
6192;0;1585;0;0.999369483
6193;0;1585;0;0.999369483
6194;0;1585;0;0.999369483
6195;0;1585;0;0.999369483
6196;0;1585;0;0.999369483
6197;0;1585;0;0.999369483
6198;0;1585;0;0.999369483
6199;0;1585;0;0.999369483
6200;0;1585;0;0.999369483
6201;0;1585;0;0.999369483
6202;0;1585;0;0.999369483
6203;0;1585;0;0.999369483
6204;0;1585;0;0.999369483
6205;0;1585;0;0.999369483
6206;0;1585;0;0.999369483
6207;0;1585;0;0.999369483
6208;0;1585;0;0.999369483
6209;0;1585;0;0.999369483
6210;0;1585;0;0.999369483
6211;0;1585;0;0.999369483
6212;0;1585;0;0.999369483
6213;0;1585;0;0.999369483
6214;0;1585;0;0.999369483
6215;0;1585;0;0.999369483
6216;0;1585;0;0.999369483
6217;0;1585;0;0.999369483
6218;0;1585;0;0.999369483
6219;0;1585;0;0.999369483
6220;0;1585;0;0.999369483
6221;0;1585;0;0.999369483
6222;0;1585;0;0.999369483
6223;0;1585;0;0.999369483
6224;0;1585;0;0.999369483
6225;0;1585;0;0.999369483
6226;0;1585;0;0.999369483
6227;0;1585;0;0.999369483
6228;0;1585;0;0.999369483
6229;0;1585;0;0.999369483
6230;0;1585;0;0.999369483
6231;0;1585;0;0.999369483
6232;0;1585;0;0.999369483
6233;0;1585;0;0.999369483
6234;0;1585;0;0.999369483
6235;0;1585;0;0.999369483
6236;0;1585;0;0.999369483
6237;0;1585;0;0.999369483
6238;0;1585;0;0.999369483
6239;0;1585;0;0.999369483
6240;0;1585;0;0.999369483
6241;0;1585;0;0.999369483
6242;0;1585;0;0.999369483
6243;0;1585;0;0.999369483
6244;0;1585;0;0.999369483
6245;0;1585;0;0.999369483
6246;0;1585;0;0.999369483
6247;0;1585;0;0.999369483
6248;0;1585;0;0.999369483
6249;0;1585;0;0.999369483
6250;0;1585;0;0.999369483
6251;0;1585;0;0.999369483
6252;0;1585;0;0.999369483
6253;0;1585;0;0.999369483
6254;0;1585;0;0.999369483
6255;0;1585;0;0.999369483
6256;0;1585;0;0.999369483
6257;0;1585;0;0.999369483
6258;0;1585;0;0.999369483
6259;0;1585;0;0.999369483
6260;0;1585;0;0.999369483
6261;0;1585;0;0.999369483
6262;0;1585;0;0.999369483
6263;0;1585;0;0.999369483
6264;0;1585;0;0.999369483
6265;0;1585;0;0.999369483
6266;0;1585;0;0.999369483
6267;0;1585;0;0.999369483
6268;0;1585;0;0.999369483
6269;0;1585;0;0.999369483
6270;0;1585;0;0.999369483
6271;0;1585;0;0.999369483
6272;0;1585;0;0.999369483
6273;0;1585;0;0.999369483
6274;0;1585;0;0.999369483
6275;0;1585;0;0.999369483
6276;0;1585;0;0.999369483
6277;0;1585;0;0.999369483
6278;0;1585;0;0.999369483
6279;0;1585;0;0.999369483
6280;0;1585;0;0.999369483
6281;0;1585;0;0.999369483
6282;0;1585;0;0.999369483
6283;0;1585;0;0.999369483
6284;0;1585;0;0.999369483
6285;0;1585;0;0.999369483
6286;0;1585;0;0.999369483
6287;0;1585;0;0.999369483
6288;0;1585;0;0.999369483
6289;0;1585;0;0.999369483
6290;0;1585;0;0.999369483
6291;0;1585;0;0.999369483
6292;0;1585;0;0.999369483
6293;0;1585;0;0.999369483
6294;0;1585;0;0.999369483
6295;0;1585;0;0.999369483
6296;0;1585;0;0.999369483
6297;0;1585;0;0.999369483
6298;0;1585;0;0.999369483
6299;0;1585;0;0.999369483
6300;0;1585;0;0.999369483
6301;0;1585;0;0.999369483
6302;0;1585;0;0.999369483
6303;0;1585;0;0.999369483
6304;0;1585;0;0.999369483
6305;0;1585;0;0.999369483
6306;0;1585;0;0.999369483
6307;0;1585;0;0.999369483
6308;0;1585;0;0.999369483
6309;0;1585;0;0.999369483
6310;0;1585;0;0.999369483
6311;0;1585;0;0.999369483
6312;0;1585;0;0.999369483
6313;0;1585;0;0.999369483
6314;0;1585;0;0.999369483
6315;0;1585;0;0.999369483
6316;0;1585;0;0.999369483
6317;0;1585;0;0.999369483
6318;0;1585;0;0.999369483
6319;0;1585;0;0.999369483
6320;0;1585;0;0.999369483
6321;0;1585;0;0.999369483
6322;0;1585;0;0.999369483
6323;0;1585;0;0.999369483
6324;0;1585;0;0.999369483
6325;0;1585;0;0.999369483
6326;0;1585;0;0.999369483
6327;0;1585;0;0.999369483
6328;0;1585;0;0.999369483
6329;0;1585;0;0.999369483
6330;0;1585;0;0.999369483
6331;0;1585;0;0.999369483
6332;0;1585;0;0.999369483
6333;0;1585;0;0.999369483
6334;0;1585;0;0.999369483
6335;0;1585;0;0.999369483
6336;0;1585;0;0.999369483
6337;0;1585;0;0.999369483
6338;0;1585;0;0.999369483
6339;0;1585;0;0.999369483
6340;0;1585;0;0.999369483
6341;0;1585;0;0.999369483
6342;0;1585;0;0.999369483
6343;0;1585;0;0.999369483
6344;0;1585;0;0.999369483
6345;0;1585;0;0.999369483
6346;0;1585;0;0.999369483
6347;0;1585;0;0.999369483
6348;0;1585;0;0.999369483
6349;0;1585;0;0.999369483
6350;0;1585;0;0.999369483
6351;0;1585;0;0.999369483
6352;0;1585;0;0.999369483
6353;0;1585;0;0.999369483
6354;0;1585;0;0.999369483
6355;0;1585;0;0.999369483
6356;0;1585;0;0.999369483
6357;0;1585;0;0.999369483
6358;0;1585;0;0.999369483
6359;0;1585;0;0.999369483
6360;0;1585;0;0.999369483
6361;0;1585;0;0.999369483
6362;0;1585;0;0.999369483
6363;0;1585;0;0.999369483
6364;0;1585;0;0.999369483
6365;0;1585;0;0.999369483
6366;0;1585;0;0.999369483
6367;0;1585;0;0.999369483
6368;0;1585;0;0.999369483
6369;0;1585;0;0.999369483
6370;0;1585;0;0.999369483
6371;0;1585;0;0.999369483
6372;0;1585;0;0.999369483
6373;0;1585;0;0.999369483
6374;0;1585;0;0.999369483
6375;0;1585;0;0.999369483
6376;0;1585;0;0.999369483
6377;0;1585;0;0.999369483
6378;0;1585;0;0.999369483
6379;0;1585;0;0.999369483
6380;0;1585;0;0.999369483
6381;0;1585;0;0.999369483
6382;0;1585;0;0.999369483
6383;0;1585;0;0.999369483
6384;0;1585;0;0.999369483
6385;0;1585;0;0.999369483
6386;0;1585;0;0.999369483
6387;0;1585;0;0.999369483
6388;0;1585;0;0.999369483
6389;0;1585;0;0.999369483
6390;0;1585;0;0.999369483
6391;0;1585;0;0.999369483
6392;0;1585;0;0.999369483
6393;0;1585;0;0.999369483
6394;0;1585;0;0.999369483
6395;0;1585;0;0.999369483
6396;0;1585;0;0.999369483
6397;0;1585;0;0.999369483
6398;0;1585;0;0.999369483
6399;0;1585;0;0.999369483
6400;0;1585;0;0.999369483
6401;0;1585;0;0.999369483
6402;0;1585;0;0.999369483
6403;0;1585;0;0.999369483
6404;0;1585;0;0.999369483
6405;0;1585;0;0.999369483
6406;0;1585;0;0.999369483
6407;0;1585;0;0.999369483
6408;0;1585;0;0.999369483
6409;0;1585;0;0.999369483
6410;0;1585;0;0.999369483
6411;0;1585;0;0.999369483
6412;0;1585;0;0.999369483
6413;0;1585;0;0.999369483
6414;0;1585;0;0.999369483
6415;0;1585;0;0.999369483
6416;0;1585;0;0.999369483
6417;0;1585;0;0.999369483
6418;0;1585;0;0.999369483
6419;0;1585;0;0.999369483
6420;0;1585;0;0.999369483
6421;0;1585;0;0.999369483
6422;0;1585;0;0.999369483
6423;0;1585;0;0.999369483
6424;0;1585;0;0.999369483
6425;0;1585;0;0.999369483
6426;0;1585;0;0.999369483
6427;0;1585;0;0.999369483
6428;0;1585;0;0.999369483
6429;0;1585;0;0.999369483
6430;0;1585;0;0.999369483
6431;0;1585;0;0.999369483
6432;0;1585;0;0.999369483
6433;0;1585;0;0.999369483
6434;0;1585;0;0.999369483
6435;0;1585;0;0.999369483
6436;0;1585;0;0.999369483
6437;0;1585;0;0.999369483
6438;0;1585;0;0.999369483
6439;0;1585;0;0.999369483
6440;0;1585;0;0.999369483
6441;0;1585;0;0.999369483
6442;0;1585;0;0.999369483
6443;0;1585;0;0.999369483
6444;0;1585;0;0.999369483
6445;0;1585;0;0.999369483
6446;0;1585;0;0.999369483
6447;0;1585;0;0.999369483
6448;0;1585;0;0.999369483
6449;0;1585;0;0.999369483
6450;0;1585;0;0.999369483
6451;0;1585;0;0.999369483
6452;0;1585;0;0.999369483
6453;0;1585;0;0.999369483
6454;0;1585;0;0.999369483
6455;0;1585;0;0.999369483
6456;0;1585;0;0.999369483
6457;0;1585;0;0.999369483
6458;0;1585;0;0.999369483
6459;0;1585;0;0.999369483
6460;0;1585;0;0.999369483
6461;0;1585;0;0.999369483
6462;0;1585;0;0.999369483
6463;0;1585;0;0.999369483
6464;0;1585;0;0.999369483
6465;0;1585;0;0.999369483
6466;0;1585;0;0.999369483
6467;0;1585;0;0.999369483
6468;0;1585;0;0.999369483
6469;0;1585;0;0.999369483
6470;0;1585;0;0.999369483
6471;0;1585;0;0.999369483
6472;0;1585;0;0.999369483
6473;0;1585;0;0.999369483
6474;0;1585;0;0.999369483
6475;0;1585;0;0.999369483
6476;0;1585;0;0.999369483
6477;0;1585;0;0.999369483
6478;0;1585;0;0.999369483
6479;0;1585;0;0.999369483
6480;0;1585;0;0.999369483
6481;0;1585;0;0.999369483
6482;0;1585;0;0.999369483
6483;0;1585;0;0.999369483
6484;0;1585;0;0.999369483
6485;0;1585;0;0.999369483
6486;0;1585;0;0.999369483
6487;0;1585;0;0.999369483
6488;0;1585;0;0.999369483
6489;0;1585;0;0.999369483
6490;0;1585;0;0.999369483
6491;0;1585;0;0.999369483
6492;0;1585;0;0.999369483
6493;0;1585;0;0.999369483
6494;0;1585;0;0.999369483
6495;0;1585;0;0.999369483
6496;0;1585;0;0.999369483
6497;0;1585;0;0.999369483
6498;0;1585;0;0.999369483
6499;0;1585;0;0.999369483
6500;0;1585;0;0.999369483
6501;0;1585;0;0.999369483
6502;0;1585;0;0.999369483
6503;0;1585;0;0.999369483
6504;0;1585;0;0.999369483
6505;0;1585;0;0.999369483
6506;0;1585;0;0.999369483
6507;0;1585;0;0.999369483
6508;0;1585;0;0.999369483
6509;0;1585;0;0.999369483
6510;0;1585;0;0.999369483
6511;0;1585;0;0.999369483
6512;0;1585;0;0.999369483
6513;0;1585;0;0.999369483
6514;0;1585;0;0.999369483
6515;0;1585;0;0.999369483
6516;0;1585;0;0.999369483
6517;0;1585;0;0.999369483
6518;0;1585;0;0.999369483
6519;0;1585;0;0.999369483
6520;0;1585;0;0.999369483
6521;0;1585;0;0.999369483
6522;0;1585;0;0.999369483
6523;0;1585;0;0.999369483
6524;0;1585;0;0.999369483
6525;0;1585;0;0.999369483
6526;0;1585;0;0.999369483
6527;0;1585;0;0.999369483
6528;0;1585;0;0.999369483
6529;0;1585;0;0.999369483
6530;0;1585;0;0.999369483
6531;0;1585;0;0.999369483
6532;0;1585;0;0.999369483
6533;0;1585;0;0.999369483
6534;0;1585;0;0.999369483
6535;0;1585;0;0.999369483
6536;0;1585;0;0.999369483
6537;0;1585;0;0.999369483
6538;0;1585;0;0.999369483
6539;0;1585;0;0.999369483
6540;0;1585;0;0.999369483
6541;0;1585;0;0.999369483
6542;0;1585;0;0.999369483
6543;0;1585;0;0.999369483
6544;0;1585;0;0.999369483
6545;0;1585;0;0.999369483
6546;0;1585;0;0.999369483
6547;0;1585;0;0.999369483
6548;0;1585;0;0.999369483
6549;0;1585;0;0.999369483
6550;0;1585;0;0.999369483
6551;0;1585;0;0.999369483
6552;0;1585;0;0.999369483
6553;0;1585;0;0.999369483
6554;0;1585;0;0.999369483
6555;0;1585;0;0.999369483
6556;0;1585;0;0.999369483
6557;0;1585;0;0.999369483
6558;0;1585;0;0.999369483
6559;0;1585;0;0.999369483
6560;0;1585;0;0.999369483
6561;0;1585;0;0.999369483
6562;0;1585;0;0.999369483
6563;0;1585;0;0.999369483
6564;0;1585;0;0.999369483
6565;0;1585;0;0.999369483
6566;0;1585;0;0.999369483
6567;0;1585;0;0.999369483
6568;0;1585;0;0.999369483
6569;0;1585;0;0.999369483
6570;0;1585;0;0.999369483
6571;0;1585;0;0.999369483
6572;0;1585;0;0.999369483
6573;0;1585;0;0.999369483
6574;0;1585;0;0.999369483
6575;0;1585;0;0.999369483
6576;0;1585;0;0.999369483
6577;0;1585;0;0.999369483
6578;0;1585;0;0.999369483
6579;0;1585;0;0.999369483
6580;0;1585;0;0.999369483
6581;0;1585;0;0.999369483
6582;0;1585;0;0.999369483
6583;0;1585;0;0.999369483
6584;0;1585;0;0.999369483
6585;0;1585;0;0.999369483
6586;0;1585;0;0.999369483
6587;0;1585;0;0.999369483
6588;0;1585;0;0.999369483
6589;0;1585;0;0.999369483
6590;0;1585;0;0.999369483
6591;0;1585;0;0.999369483
6592;0;1585;0;0.999369483
6593;0;1585;0;0.999369483
6594;0;1585;0;0.999369483
6595;0;1585;0;0.999369483
6596;0;1585;0;0.999369483
6597;0;1585;0;0.999369483
6598;0;1585;0;0.999369483
6599;0;1585;0;0.999369483
6600;0;1585;0;0.999369483
6601;0;1585;0;0.999369483
6602;0;1585;0;0.999369483
6603;0;1585;0;0.999369483
6604;0;1585;0;0.999369483
6605;0;1585;0;0.999369483
6606;0;1585;0;0.999369483
6607;0;1585;0;0.999369483
6608;0;1585;0;0.999369483
6609;0;1585;0;0.999369483
6610;0;1585;0;0.999369483
6611;0;1585;0;0.999369483
6612;0;1585;0;0.999369483
6613;0;1585;0;0.999369483
6614;0;1585;0;0.999369483
6615;0;1585;0;0.999369483
6616;0;1585;0;0.999369483
6617;0;1585;0;0.999369483
6618;0;1585;0;0.999369483
6619;0;1585;0;0.999369483
6620;0;1585;0;0.999369483
6621;0;1585;0;0.999369483
6622;0;1585;0;0.999369483
6623;0;1585;0;0.999369483
6624;0;1585;0;0.999369483
6625;0;1585;0;0.999369483
6626;0;1585;0;0.999369483
6627;0;1585;0;0.999369483
6628;0;1585;0;0.999369483
6629;0;1585;0;0.999369483
6630;0;1585;0;0.999369483
6631;0;1585;0;0.999369483
6632;0;1585;0;0.999369483
6633;0;1585;0;0.999369483
6634;0;1585;0;0.999369483
6635;0;1585;0;0.999369483
6636;0;1585;0;0.999369483
6637;0;1585;0;0.999369483
6638;0;1585;0;0.999369483
6639;0;1585;0;0.999369483
6640;0;1585;0;0.999369483
6641;0;1585;0;0.999369483
6642;0;1585;0;0.999369483
6643;0;1585;0;0.999369483
6644;0;1585;0;0.999369483
6645;0;1585;0;0.999369483
6646;0;1585;0;0.999369483
6647;0;1585;0;0.999369483
6648;0;1585;0;0.999369483
6649;0;1585;0;0.999369483
6650;0;1585;0;0.999369483
6651;0;1585;0;0.999369483
6652;0;1585;0;0.999369483
6653;0;1585;0;0.999369483
6654;0;1585;0;0.999369483
6655;0;1585;0;0.999369483
6656;0;1585;0;0.999369483
6657;0;1585;0;0.999369483
6658;0;1585;0;0.999369483
6659;0;1585;0;0.999369483
6660;1;1586;0.000630517;1
6661;0;1586;0;1
6662;0;1586;0;1
6663;0;1586;0;1
6664;0;1586;0;1
6665;0;1586;0;1
6666;0;1586;0;1
6667;0;1586;0;1
6668;0;1586;0;1
6669;0;1586;0;1
6670;0;1586;0;1
6671;0;1586;0;1
6672;0;1586;0;1
6673;0;1586;0;1
6674;0;1586;0;1
6675;0;1586;0;1
6676;0;1586;0;1
6677;0;1586;0;1
6678;0;1586;0;1
6679;0;1586;0;1
6680;0;1586;0;1
6681;0;1586;0;1
6682;0;1586;0;1
6683;0;1586;0;1
6684;0;1586;0;1
6685;0;1586;0;1
6686;0;1586;0;1
6687;0;1586;0;1
6688;0;1586;0;1
6689;0;1586;0;1
6690;0;1586;0;1
6691;0;1586;0;1
6692;0;1586;0;1
6693;0;1586;0;1
6694;0;1586;0;1
6695;0;1586;0;1
6696;0;1586;0;1
6697;0;1586;0;1
6698;0;1586;0;1
6699;0;1586;0;1
6700;0;1586;0;1
6701;0;1586;0;1
6702;0;1586;0;1
6703;0;1586;0;1
6704;0;1586;0;1
6705;0;1586;0;1
6706;0;1586;0;1
6707;0;1586;0;1
6708;0;1586;0;1
6709;0;1586;0;1
6710;0;1586;0;1
6711;0;1586;0;1
6712;0;1586;0;1
6713;0;1586;0;1
6714;0;1586;0;1
6715;0;1586;0;1
6716;0;1586;0;1
6717;0;1586;0;1
6718;0;1586;0;1
6719;0;1586;0;1
6720;0;1586;0;1
6721;0;1586;0;1
6722;0;1586;0;1
6723;0;1586;0;1
6724;0;1586;0;1
6725;0;1586;0;1
6726;0;1586;0;1
6727;0;1586;0;1
6728;0;1586;0;1
6729;0;1586;0;1
6730;0;1586;0;1
6731;0;1586;0;1
6732;0;1586;0;1
6733;0;1586;0;1
6734;0;1586;0;1
6735;0;1586;0;1
6736;0;1586;0;1
6737;0;1586;0;1
6738;0;1586;0;1
6739;0;1586;0;1
6740;0;1586;0;1
6741;0;1586;0;1
6742;0;1586;0;1
6743;0;1586;0;1
6744;0;1586;0;1
6745;0;1586;0;1
6746;0;1586;0;1
6747;0;1586;0;1
6748;0;1586;0;1
6749;0;1586;0;1
6750;0;1586;0;1
6751;0;1586;0;1
6752;0;1586;0;1
6753;0;1586;0;1
6754;0;1586;0;1
6755;0;1586;0;1
6756;0;1586;0;1
6757;0;1586;0;1
6758;0;1586;0;1
6759;0;1586;0;1
6760;0;1586;0;1
6761;0;1586;0;1
6762;0;1586;0;1
6763;0;1586;0;1
6764;0;1586;0;1
6765;0;1586;0;1
6766;0;1586;0;1
6767;0;1586;0;1
6768;0;1586;0;1
6769;0;1586;0;1
6770;0;1586;0;1
6771;0;1586;0;1
6772;0;1586;0;1
6773;0;1586;0;1
6774;0;1586;0;1
6775;0;1586;0;1
6776;0;1586;0;1
6777;0;1586;0;1
6778;0;1586;0;1
6779;0;1586;0;1
6780;0;1586;0;1
6781;0;1586;0;1
6782;0;1586;0;1
6783;0;1586;0;1
6784;0;1586;0;1
6785;0;1586;0;1
6786;0;1586;0;1
6787;0;1586;0;1
6788;0;1586;0;1
6789;0;1586;0;1
6790;0;1586;0;1
6791;0;1586;0;1
6792;0;1586;0;1
6793;0;1586;0;1
6794;0;1586;0;1
6795;0;1586;0;1
6796;0;1586;0;1
6797;0;1586;0;1
6798;0;1586;0;1
6799;0;1586;0;1
6800;0;1586;0;1
6801;0;1586;0;1
6802;0;1586;0;1
6803;0;1586;0;1
6804;0;1586;0;1
6805;0;1586;0;1
6806;0;1586;0;1
6807;0;1586;0;1
6808;0;1586;0;1
6809;0;1586;0;1
6810;0;1586;0;1
6811;0;1586;0;1
6812;0;1586;0;1
6813;0;1586;0;1
6814;0;1586;0;1
6815;0;1586;0;1
6816;0;1586;0;1
6817;0;1586;0;1
6818;0;1586;0;1
6819;0;1586;0;1
6820;0;1586;0;1
6821;0;1586;0;1
6822;0;1586;0;1
6823;0;1586;0;1
6824;0;1586;0;1
6825;0;1586;0;1
6826;0;1586;0;1
6827;0;1586;0;1
6828;0;1586;0;1
6829;0;1586;0;1
6830;0;1586;0;1
6831;0;1586;0;1
6832;0;1586;0;1
6833;0;1586;0;1
6834;0;1586;0;1
6835;0;1586;0;1
6836;0;1586;0;1
6837;0;1586;0;1
6838;0;1586;0;1
6839;0;1586;0;1
6840;0;1586;0;1
6841;0;1586;0;1
6842;0;1586;0;1
6843;0;1586;0;1
6844;0;1586;0;1
6845;0;1586;0;1
6846;0;1586;0;1
6847;0;1586;0;1
6848;0;1586;0;1
6849;0;1586;0;1
6850;0;1586;0;1
6851;0;1586;0;1
6852;0;1586;0;1
6853;0;1586;0;1
6854;0;1586;0;1
6855;0;1586;0;1
6856;0;1586;0;1
6857;0;1586;0;1
6858;0;1586;0;1
6859;0;1586;0;1
6860;0;1586;0;1
6861;0;1586;0;1
6862;0;1586;0;1
6863;0;1586;0;1
6864;0;1586;0;1
6865;0;1586;0;1
6866;0;1586;0;1
6867;0;1586;0;1
6868;0;1586;0;1
6869;0;1586;0;1
6870;0;1586;0;1
6871;0;1586;0;1
6872;0;1586;0;1
6873;0;1586;0;1
6874;0;1586;0;1
6875;0;1586;0;1
6876;0;1586;0;1
6877;0;1586;0;1
6878;0;1586;0;1
6879;0;1586;0;1
6880;0;1586;0;1
6881;0;1586;0;1
6882;0;1586;0;1
6883;0;1586;0;1
6884;0;1586;0;1
6885;0;1586;0;1
6886;0;1586;0;1
6887;0;1586;0;1
6888;0;1586;0;1
6889;0;1586;0;1
6890;0;1586;0;1
6891;0;1586;0;1
6892;0;1586;0;1
6893;0;1586;0;1
6894;0;1586;0;1
6895;0;1586;0;1
6896;0;1586;0;1
6897;0;1586;0;1
6898;0;1586;0;1
6899;0;1586;0;1
6900;0;1586;0;1
6901;0;1586;0;1
6902;0;1586;0;1
6903;0;1586;0;1
6904;0;1586;0;1
6905;0;1586;0;1
6906;0;1586;0;1
6907;0;1586;0;1
6908;0;1586;0;1
6909;0;1586;0;1
6910;0;1586;0;1
6911;0;1586;0;1
6912;0;1586;0;1
6913;0;1586;0;1
6914;0;1586;0;1
6915;0;1586;0;1
6916;0;1586;0;1
6917;0;1586;0;1
6918;0;1586;0;1
6919;0;1586;0;1
6920;0;1586;0;1
6921;0;1586;0;1
6922;0;1586;0;1
6923;0;1586;0;1
6924;0;1586;0;1
6925;0;1586;0;1
6926;0;1586;0;1
6927;0;1586;0;1
6928;0;1586;0;1
6929;0;1586;0;1
6930;0;1586;0;1
6931;0;1586;0;1
6932;0;1586;0;1
6933;0;1586;0;1
6934;0;1586;0;1
6935;0;1586;0;1
6936;0;1586;0;1
6937;0;1586;0;1
6938;0;1586;0;1
6939;0;1586;0;1
6940;0;1586;0;1
6941;0;1586;0;1
6942;0;1586;0;1
6943;0;1586;0;1
6944;0;1586;0;1
6945;0;1586;0;1
6946;0;1586;0;1
6947;0;1586;0;1
6948;0;1586;0;1
6949;0;1586;0;1
6950;0;1586;0;1
6951;0;1586;0;1
6952;0;1586;0;1
6953;0;1586;0;1
6954;0;1586;0;1
6955;0;1586;0;1
6956;0;1586;0;1
6957;0;1586;0;1
6958;0;1586;0;1
6959;0;1586;0;1
6960;0;1586;0;1
6961;0;1586;0;1
6962;0;1586;0;1
6963;0;1586;0;1
6964;0;1586;0;1
6965;0;1586;0;1
6966;0;1586;0;1
6967;0;1586;0;1
6968;0;1586;0;1
6969;0;1586;0;1
6970;0;1586;0;1
6971;0;1586;0;1
6972;0;1586;0;1
6973;0;1586;0;1
6974;0;1586;0;1
6975;0;1586;0;1
6976;0;1586;0;1
6977;0;1586;0;1
6978;0;1586;0;1
6979;0;1586;0;1
6980;0;1586;0;1
6981;0;1586;0;1
6982;0;1586;0;1
6983;0;1586;0;1
6984;0;1586;0;1
6985;0;1586;0;1
6986;0;1586;0;1
6987;0;1586;0;1
6988;0;1586;0;1
6989;0;1586;0;1
6990;0;1586;0;1
6991;0;1586;0;1
6992;0;1586;0;1
6993;0;1586;0;1
6994;0;1586;0;1
6995;0;1586;0;1
6996;0;1586;0;1
6997;0;1586;0;1
6998;0;1586;0;1
6999;0;1586;0;1
7000;0;1586;0;1
7001;0;1586;0;1
7002;0;1586;0;1
7003;0;1586;0;1
7004;0;1586;0;1
7005;0;1586;0;1
7006;0;1586;0;1
7007;0;1586;0;1
7008;0;1586;0;1
7009;0;1586;0;1
7010;0;1586;0;1
7011;0;1586;0;1
7012;0;1586;0;1
7013;0;1586;0;1
7014;0;1586;0;1
7015;0;1586;0;1
7016;0;1586;0;1
7017;0;1586;0;1
7018;0;1586;0;1
7019;0;1586;0;1
7020;0;1586;0;1
7021;0;1586;0;1
7022;0;1586;0;1
7023;0;1586;0;1
7024;0;1586;0;1
7025;0;1586;0;1
7026;0;1586;0;1
7027;0;1586;0;1
7028;0;1586;0;1
7029;0;1586;0;1
7030;0;1586;0;1
7031;0;1586;0;1
7032;0;1586;0;1
7033;0;1586;0;1
7034;0;1586;0;1
7035;0;1586;0;1
7036;0;1586;0;1
7037;0;1586;0;1
7038;0;1586;0;1
7039;0;1586;0;1
7040;0;1586;0;1
7041;0;1586;0;1
7042;0;1586;0;1
7043;0;1586;0;1
7044;0;1586;0;1
7045;0;1586;0;1
7046;0;1586;0;1
7047;0;1586;0;1
7048;0;1586;0;1
7049;0;1586;0;1
7050;0;1586;0;1
7051;0;1586;0;1
7052;0;1586;0;1
7053;0;1586;0;1
7054;0;1586;0;1
7055;0;1586;0;1
7056;0;1586;0;1
7057;0;1586;0;1
7058;0;1586;0;1
7059;0;1586;0;1
7060;0;1586;0;1
7061;0;1586;0;1
7062;0;1586;0;1
7063;0;1586;0;1
7064;0;1586;0;1
7065;0;1586;0;1
7066;0;1586;0;1
7067;0;1586;0;1
7068;0;1586;0;1
7069;0;1586;0;1
7070;0;1586;0;1
7071;0;1586;0;1
7072;0;1586;0;1
7073;0;1586;0;1
7074;0;1586;0;1
7075;0;1586;0;1
7076;0;1586;0;1
7077;0;1586;0;1
7078;0;1586;0;1
7079;0;1586;0;1
7080;0;1586;0;1
7081;0;1586;0;1
7082;0;1586;0;1
7083;0;1586;0;1
7084;0;1586;0;1
7085;0;1586;0;1
7086;0;1586;0;1
7087;0;1586;0;1
7088;0;1586;0;1
7089;0;1586;0;1
7090;0;1586;0;1
7091;0;1586;0;1
7092;0;1586;0;1
7093;0;1586;0;1
7094;0;1586;0;1
7095;0;1586;0;1
7096;0;1586;0;1
7097;0;1586;0;1
7098;0;1586;0;1
7099;0;1586;0;1
7100;0;1586;0;1
7101;0;1586;0;1
7102;0;1586;0;1
7103;0;1586;0;1
7104;0;1586;0;1
7105;0;1586;0;1
7106;0;1586;0;1
7107;0;1586;0;1
7108;0;1586;0;1
7109;0;1586;0;1
7110;0;1586;0;1
7111;0;1586;0;1
7112;0;1586;0;1
7113;0;1586;0;1
7114;0;1586;0;1
7115;0;1586;0;1
7116;0;1586;0;1
7117;0;1586;0;1
7118;0;1586;0;1
7119;0;1586;0;1
7120;0;1586;0;1
7121;0;1586;0;1
7122;0;1586;0;1
7123;0;1586;0;1
7124;0;1586;0;1
7125;0;1586;0;1
7126;0;1586;0;1
7127;0;1586;0;1
7128;0;1586;0;1
7129;0;1586;0;1
7130;0;1586;0;1
7131;0;1586;0;1
7132;0;1586;0;1
7133;0;1586;0;1
7134;0;1586;0;1
7135;0;1586;0;1
7136;0;1586;0;1
7137;0;1586;0;1
7138;0;1586;0;1
7139;0;1586;0;1
7140;0;1586;0;1
7141;0;1586;0;1
7142;0;1586;0;1
7143;0;1586;0;1
7144;0;1586;0;1
7145;0;1586;0;1
7146;0;1586;0;1
7147;0;1586;0;1
7148;0;1586;0;1
7149;0;1586;0;1
7150;0;1586;0;1
7151;0;1586;0;1
7152;0;1586;0;1
7153;0;1586;0;1
7154;0;1586;0;1
7155;0;1586;0;1
7156;0;1586;0;1
7157;0;1586;0;1
7158;0;1586;0;1
7159;0;1586;0;1
7160;0;1586;0;1
7161;0;1586;0;1
7162;0;1586;0;1
7163;0;1586;0;1
7164;0;1586;0;1
7165;0;1586;0;1
7166;0;1586;0;1
7167;0;1586;0;1
7168;0;1586;0;1
7169;0;1586;0;1
7170;0;1586;0;1
7171;0;1586;0;1
7172;0;1586;0;1
7173;0;1586;0;1
7174;0;1586;0;1
7175;0;1586;0;1
7176;0;1586;0;1
7177;0;1586;0;1
7178;0;1586;0;1
7179;0;1586;0;1
7180;0;1586;0;1
7181;0;1586;0;1
7182;0;1586;0;1
7183;0;1586;0;1
7184;0;1586;0;1
7185;0;1586;0;1
7186;0;1586;0;1
7187;0;1586;0;1
7188;0;1586;0;1
7189;0;1586;0;1
7190;0;1586;0;1
7191;0;1586;0;1
7192;0;1586;0;1
7193;0;1586;0;1
7194;0;1586;0;1
7195;0;1586;0;1
7196;0;1586;0;1
7197;0;1586;0;1
7198;0;1586;0;1
7199;0;1586;0;1
7200;0;1586;0;1
7201;0;1586;0;1
7202;0;1586;0;1
7203;0;1586;0;1
7204;0;1586;0;1
7205;0;1586;0;1
7206;0;1586;0;1
7207;0;1586;0;1
7208;0;1586;0;1
7209;0;1586;0;1
7210;0;1586;0;1
7211;0;1586;0;1
7212;0;1586;0;1
7213;0;1586;0;1
7214;0;1586;0;1
7215;0;1586;0;1
7216;0;1586;0;1
7217;0;1586;0;1
7218;0;1586;0;1
7219;0;1586;0;1
7220;0;1586;0;1
7221;0;1586;0;1
7222;0;1586;0;1
7223;0;1586;0;1
7224;0;1586;0;1
7225;0;1586;0;1
7226;0;1586;0;1
7227;0;1586;0;1
7228;0;1586;0;1
7229;0;1586;0;1
7230;0;1586;0;1
7231;0;1586;0;1
7232;0;1586;0;1
7233;0;1586;0;1
7234;0;1586;0;1
7235;0;1586;0;1
7236;0;1586;0;1
7237;0;1586;0;1
7238;0;1586;0;1
7239;0;1586;0;1
7240;0;1586;0;1
7241;0;1586;0;1
7242;0;1586;0;1
7243;0;1586;0;1
7244;0;1586;0;1
7245;0;1586;0;1
7246;0;1586;0;1
7247;0;1586;0;1
7248;0;1586;0;1
7249;0;1586;0;1
7250;0;1586;0;1
7251;0;1586;0;1
7252;0;1586;0;1
7253;0;1586;0;1
7254;0;1586;0;1
7255;0;1586;0;1
7256;0;1586;0;1
7257;0;1586;0;1
7258;0;1586;0;1
7259;0;1586;0;1
7260;0;1586;0;1
7261;0;1586;0;1
7262;0;1586;0;1
7263;0;1586;0;1
7264;0;1586;0;1
7265;0;1586;0;1
7266;0;1586;0;1
7267;0;1586;0;1
7268;0;1586;0;1
7269;0;1586;0;1
7270;0;1586;0;1
7271;0;1586;0;1
7272;0;1586;0;1
7273;0;1586;0;1
7274;0;1586;0;1
7275;0;1586;0;1
7276;0;1586;0;1
7277;0;1586;0;1
7278;0;1586;0;1
7279;0;1586;0;1
7280;0;1586;0;1
7281;0;1586;0;1
7282;0;1586;0;1
7283;0;1586;0;1
7284;0;1586;0;1
7285;0;1586;0;1
7286;0;1586;0;1
7287;0;1586;0;1
7288;0;1586;0;1
7289;0;1586;0;1
7290;0;1586;0;1
7291;0;1586;0;1
7292;0;1586;0;1
7293;0;1586;0;1
7294;0;1586;0;1
7295;0;1586;0;1
7296;0;1586;0;1
7297;0;1586;0;1
7298;0;1586;0;1
7299;0;1586;0;1
7300;0;1586;0;1
7301;0;1586;0;1
7302;0;1586;0;1
7303;0;1586;0;1
7304;0;1586;0;1
7305;0;1586;0;1
7306;0;1586;0;1
7307;0;1586;0;1
7308;0;1586;0;1
7309;0;1586;0;1
7310;0;1586;0;1
7311;0;1586;0;1
7312;0;1586;0;1
7313;0;1586;0;1
7314;0;1586;0;1
7315;0;1586;0;1
7316;0;1586;0;1
7317;0;1586;0;1
7318;0;1586;0;1
7319;0;1586;0;1
7320;0;1586;0;1
7321;0;1586;0;1
7322;0;1586;0;1
7323;0;1586;0;1
7324;0;1586;0;1
7325;0;1586;0;1
7326;0;1586;0;1
7327;0;1586;0;1
7328;0;1586;0;1
7329;0;1586;0;1
7330;0;1586;0;1
7331;0;1586;0;1
7332;0;1586;0;1
7333;0;1586;0;1
7334;0;1586;0;1
7335;0;1586;0;1
7336;0;1586;0;1
7337;0;1586;0;1
7338;0;1586;0;1
7339;0;1586;0;1
7340;0;1586;0;1
7341;0;1586;0;1
7342;0;1586;0;1
7343;0;1586;0;1
7344;0;1586;0;1
7345;0;1586;0;1
7346;0;1586;0;1
7347;0;1586;0;1
7348;0;1586;0;1
7349;0;1586;0;1
7350;0;1586;0;1
7351;0;1586;0;1
7352;0;1586;0;1
7353;0;1586;0;1
7354;0;1586;0;1
7355;0;1586;0;1
7356;0;1586;0;1
7357;0;1586;0;1
7358;0;1586;0;1
7359;0;1586;0;1
7360;0;1586;0;1
7361;0;1586;0;1
7362;0;1586;0;1
7363;0;1586;0;1
7364;0;1586;0;1
7365;0;1586;0;1
7366;0;1586;0;1
7367;0;1586;0;1
7368;0;1586;0;1
7369;0;1586;0;1
7370;0;1586;0;1
7371;0;1586;0;1
7372;0;1586;0;1
7373;0;1586;0;1
7374;0;1586;0;1
7375;0;1586;0;1
7376;0;1586;0;1
7377;0;1586;0;1
7378;0;1586;0;1
7379;0;1586;0;1
7380;0;1586;0;1
7381;0;1586;0;1
7382;0;1586;0;1
7383;0;1586;0;1
7384;0;1586;0;1
7385;0;1586;0;1
7386;0;1586;0;1
7387;0;1586;0;1
7388;0;1586;0;1
7389;0;1586;0;1
7390;0;1586;0;1
7391;0;1586;0;1
7392;0;1586;0;1
7393;0;1586;0;1
7394;0;1586;0;1
7395;0;1586;0;1
7396;0;1586;0;1
7397;0;1586;0;1
7398;0;1586;0;1
7399;0;1586;0;1
7400;0;1586;0;1
7401;0;1586;0;1
7402;0;1586;0;1
7403;0;1586;0;1
7404;0;1586;0;1
7405;0;1586;0;1
7406;0;1586;0;1
7407;0;1586;0;1
7408;0;1586;0;1
7409;0;1586;0;1
7410;0;1586;0;1
7411;0;1586;0;1
7412;0;1586;0;1
7413;0;1586;0;1
7414;0;1586;0;1
7415;0;1586;0;1
7416;0;1586;0;1
7417;0;1586;0;1
7418;0;1586;0;1
7419;0;1586;0;1
7420;0;1586;0;1
7421;0;1586;0;1
7422;0;1586;0;1
7423;0;1586;0;1
7424;0;1586;0;1
7425;0;1586;0;1
7426;0;1586;0;1
7427;0;1586;0;1
7428;0;1586;0;1
7429;0;1586;0;1
7430;0;1586;0;1
7431;0;1586;0;1
7432;0;1586;0;1
7433;0;1586;0;1
7434;0;1586;0;1
7435;0;1586;0;1
7436;0;1586;0;1
7437;0;1586;0;1
7438;0;1586;0;1
7439;0;1586;0;1
7440;0;1586;0;1
7441;0;1586;0;1
7442;0;1586;0;1
7443;0;1586;0;1
7444;0;1586;0;1
7445;0;1586;0;1
7446;0;1586;0;1
7447;0;1586;0;1
7448;0;1586;0;1
7449;0;1586;0;1
7450;0;1586;0;1
7451;0;1586;0;1
7452;0;1586;0;1
7453;0;1586;0;1
7454;0;1586;0;1
7455;0;1586;0;1
7456;0;1586;0;1
7457;0;1586;0;1
7458;0;1586;0;1
7459;0;1586;0;1
7460;0;1586;0;1
7461;0;1586;0;1
7462;0;1586;0;1
7463;0;1586;0;1
7464;0;1586;0;1
7465;0;1586;0;1
7466;0;1586;0;1
7467;0;1586;0;1
7468;0;1586;0;1
7469;0;1586;0;1
7470;0;1586;0;1
7471;0;1586;0;1
7472;0;1586;0;1
7473;0;1586;0;1
7474;0;1586;0;1
7475;0;1586;0;1
7476;0;1586;0;1
7477;0;1586;0;1
7478;0;1586;0;1
7479;0;1586;0;1
7480;0;1586;0;1
7481;0;1586;0;1
7482;0;1586;0;1
7483;0;1586;0;1
7484;0;1586;0;1
7485;0;1586;0;1
7486;0;1586;0;1
7487;0;1586;0;1
7488;0;1586;0;1
7489;0;1586;0;1
7490;0;1586;0;1
7491;0;1586;0;1
7492;0;1586;0;1
7493;0;1586;0;1
7494;0;1586;0;1
7495;0;1586;0;1
7496;0;1586;0;1
7497;0;1586;0;1
7498;0;1586;0;1
7499;0;1586;0;1
7500;0;1586;0;1
7501;0;1586;0;1
7502;0;1586;0;1
7503;0;1586;0;1
7504;0;1586;0;1
7505;0;1586;0;1
7506;0;1586;0;1
7507;0;1586;0;1
7508;0;1586;0;1
7509;0;1586;0;1
7510;0;1586;0;1
7511;0;1586;0;1
7512;0;1586;0;1
7513;0;1586;0;1
7514;0;1586;0;1
7515;0;1586;0;1
7516;0;1586;0;1
7517;0;1586;0;1
7518;0;1586;0;1
7519;0;1586;0;1
7520;0;1586;0;1
7521;0;1586;0;1
7522;0;1586;0;1
7523;0;1586;0;1
7524;0;1586;0;1
7525;0;1586;0;1
7526;0;1586;0;1
7527;0;1586;0;1
7528;0;1586;0;1
7529;0;1586;0;1
7530;0;1586;0;1
7531;0;1586;0;1
7532;0;1586;0;1
7533;0;1586;0;1
7534;0;1586;0;1
7535;0;1586;0;1
7536;0;1586;0;1
7537;0;1586;0;1
7538;0;1586;0;1
7539;0;1586;0;1
7540;0;1586;0;1
7541;0;1586;0;1
7542;0;1586;0;1
7543;0;1586;0;1
7544;0;1586;0;1
7545;0;1586;0;1
7546;0;1586;0;1
7547;0;1586;0;1
7548;0;1586;0;1
7549;0;1586;0;1
7550;0;1586;0;1
7551;0;1586;0;1
7552;0;1586;0;1
7553;0;1586;0;1
7554;0;1586;0;1
7555;0;1586;0;1
7556;0;1586;0;1
7557;0;1586;0;1
7558;0;1586;0;1
7559;0;1586;0;1
7560;0;1586;0;1
7561;0;1586;0;1
7562;0;1586;0;1
7563;0;1586;0;1
7564;0;1586;0;1
7565;0;1586;0;1
7566;0;1586;0;1
7567;0;1586;0;1
7568;0;1586;0;1
7569;0;1586;0;1
7570;0;1586;0;1
7571;0;1586;0;1
7572;0;1586;0;1
7573;0;1586;0;1
7574;0;1586;0;1
7575;0;1586;0;1
7576;0;1586;0;1
7577;0;1586;0;1
7578;0;1586;0;1
7579;0;1586;0;1
7580;0;1586;0;1
7581;0;1586;0;1
7582;0;1586;0;1
7583;0;1586;0;1
7584;0;1586;0;1
7585;0;1586;0;1
7586;0;1586;0;1
7587;0;1586;0;1
7588;0;1586;0;1
7589;0;1586;0;1
7590;0;1586;0;1
7591;0;1586;0;1
7592;0;1586;0;1
7593;0;1586;0;1
7594;0;1586;0;1
7595;0;1586;0;1
7596;0;1586;0;1
7597;0;1586;0;1
7598;0;1586;0;1
7599;0;1586;0;1
7600;0;1586;0;1
7601;0;1586;0;1
7602;0;1586;0;1
7603;0;1586;0;1
7604;0;1586;0;1
7605;0;1586;0;1
7606;0;1586;0;1
7607;0;1586;0;1
7608;0;1586;0;1
7609;0;1586;0;1
7610;0;1586;0;1
7611;0;1586;0;1
7612;0;1586;0;1
7613;0;1586;0;1
7614;0;1586;0;1
7615;0;1586;0;1
7616;0;1586;0;1
7617;0;1586;0;1
7618;0;1586;0;1
7619;0;1586;0;1
7620;0;1586;0;1
7621;0;1586;0;1
7622;0;1586;0;1
7623;0;1586;0;1
7624;0;1586;0;1
7625;0;1586;0;1
7626;0;1586;0;1
7627;0;1586;0;1
7628;0;1586;0;1
7629;0;1586;0;1
7630;0;1586;0;1
7631;0;1586;0;1
7632;0;1586;0;1
7633;0;1586;0;1
7634;0;1586;0;1
7635;0;1586;0;1
7636;0;1586;0;1
7637;0;1586;0;1
7638;0;1586;0;1
7639;0;1586;0;1
7640;0;1586;0;1
7641;0;1586;0;1
7642;0;1586;0;1
7643;0;1586;0;1
7644;0;1586;0;1
7645;0;1586;0;1
7646;0;1586;0;1
7647;0;1586;0;1
7648;0;1586;0;1
7649;0;1586;0;1
7650;0;1586;0;1
7651;0;1586;0;1
7652;0;1586;0;1
7653;0;1586;0;1
7654;0;1586;0;1
7655;0;1586;0;1
7656;0;1586;0;1
7657;0;1586;0;1
7658;0;1586;0;1
7659;0;1586;0;1
7660;0;1586;0;1
7661;0;1586;0;1
7662;0;1586;0;1
7663;0;1586;0;1
7664;0;1586;0;1
7665;0;1586;0;1
7666;0;1586;0;1
7667;0;1586;0;1
7668;0;1586;0;1
7669;0;1586;0;1
7670;0;1586;0;1
7671;0;1586;0;1
7672;0;1586;0;1
7673;0;1586;0;1
7674;0;1586;0;1
7675;0;1586;0;1
7676;0;1586;0;1
7677;0;1586;0;1
7678;0;1586;0;1
7679;0;1586;0;1
7680;0;1586;0;1
7681;0;1586;0;1
7682;0;1586;0;1
7683;0;1586;0;1
7684;0;1586;0;1
7685;0;1586;0;1
7686;0;1586;0;1
7687;0;1586;0;1
7688;0;1586;0;1
7689;0;1586;0;1
7690;0;1586;0;1
7691;0;1586;0;1
7692;0;1586;0;1
7693;0;1586;0;1
7694;0;1586;0;1
7695;0;1586;0;1
7696;0;1586;0;1
7697;0;1586;0;1
7698;0;1586;0;1
7699;0;1586;0;1
7700;0;1586;0;1
7701;0;1586;0;1
7702;0;1586;0;1
7703;0;1586;0;1
7704;0;1586;0;1
7705;0;1586;0;1
7706;0;1586;0;1
7707;0;1586;0;1
7708;0;1586;0;1
7709;0;1586;0;1
7710;0;1586;0;1
7711;0;1586;0;1
7712;0;1586;0;1
7713;0;1586;0;1
7714;0;1586;0;1
7715;0;1586;0;1
7716;0;1586;0;1
7717;0;1586;0;1
7718;0;1586;0;1
7719;0;1586;0;1
7720;0;1586;0;1
7721;0;1586;0;1
7722;0;1586;0;1
7723;0;1586;0;1
7724;0;1586;0;1
7725;0;1586;0;1
7726;0;1586;0;1
7727;0;1586;0;1
7728;0;1586;0;1
7729;0;1586;0;1
7730;0;1586;0;1
7731;0;1586;0;1
7732;0;1586;0;1
7733;0;1586;0;1
7734;0;1586;0;1
7735;0;1586;0;1
7736;0;1586;0;1
7737;0;1586;0;1
7738;0;1586;0;1
7739;0;1586;0;1
7740;0;1586;0;1
7741;0;1586;0;1
7742;0;1586;0;1
7743;0;1586;0;1
7744;0;1586;0;1
7745;0;1586;0;1
7746;0;1586;0;1
7747;0;1586;0;1
7748;0;1586;0;1
7749;0;1586;0;1
7750;0;1586;0;1
7751;0;1586;0;1
7752;0;1586;0;1
7753;0;1586;0;1
7754;0;1586;0;1
7755;0;1586;0;1
7756;0;1586;0;1
7757;0;1586;0;1
7758;0;1586;0;1
7759;0;1586;0;1
7760;0;1586;0;1
7761;0;1586;0;1
7762;0;1586;0;1
7763;0;1586;0;1
7764;0;1586;0;1
7765;0;1586;0;1
7766;0;1586;0;1
7767;0;1586;0;1
7768;0;1586;0;1
7769;0;1586;0;1
7770;0;1586;0;1
7771;0;1586;0;1
7772;0;1586;0;1
7773;0;1586;0;1
7774;0;1586;0;1
7775;0;1586;0;1
7776;0;1586;0;1
7777;0;1586;0;1
7778;0;1586;0;1
7779;0;1586;0;1
7780;0;1586;0;1
7781;0;1586;0;1
7782;0;1586;0;1
7783;0;1586;0;1
7784;0;1586;0;1
7785;0;1586;0;1
7786;0;1586;0;1
7787;0;1586;0;1
7788;0;1586;0;1
7789;0;1586;0;1
7790;0;1586;0;1
7791;0;1586;0;1
7792;0;1586;0;1
7793;0;1586;0;1
7794;0;1586;0;1
7795;0;1586;0;1
7796;0;1586;0;1
7797;0;1586;0;1
7798;0;1586;0;1
7799;0;1586;0;1
7800;0;1586;0;1
7801;0;1586;0;1
7802;0;1586;0;1
7803;0;1586;0;1
7804;0;1586;0;1
7805;0;1586;0;1
7806;0;1586;0;1
7807;0;1586;0;1
7808;0;1586;0;1
7809;0;1586;0;1
7810;0;1586;0;1
7811;0;1586;0;1
7812;0;1586;0;1
7813;0;1586;0;1
7814;0;1586;0;1
7815;0;1586;0;1
7816;0;1586;0;1
7817;0;1586;0;1
7818;0;1586;0;1
7819;0;1586;0;1
7820;0;1586;0;1
7821;0;1586;0;1
7822;0;1586;0;1
7823;0;1586;0;1
7824;0;1586;0;1
7825;0;1586;0;1
7826;0;1586;0;1
7827;0;1586;0;1
7828;0;1586;0;1
7829;0;1586;0;1
7830;0;1586;0;1
7831;0;1586;0;1
7832;0;1586;0;1
7833;0;1586;0;1
7834;0;1586;0;1
7835;0;1586;0;1
7836;0;1586;0;1
7837;0;1586;0;1
7838;0;1586;0;1
7839;0;1586;0;1
7840;0;1586;0;1
7841;0;1586;0;1
7842;0;1586;0;1
7843;0;1586;0;1
7844;0;1586;0;1
7845;0;1586;0;1
7846;0;1586;0;1
7847;0;1586;0;1
7848;0;1586;0;1
7849;0;1586;0;1
7850;0;1586;0;1
7851;0;1586;0;1
7852;0;1586;0;1
7853;0;1586;0;1
7854;0;1586;0;1
7855;0;1586;0;1
7856;0;1586;0;1
7857;0;1586;0;1
7858;0;1586;0;1
7859;0;1586;0;1
7860;0;1586;0;1
7861;0;1586;0;1
7862;0;1586;0;1
7863;0;1586;0;1
7864;0;1586;0;1
7865;0;1586;0;1
7866;0;1586;0;1
7867;0;1586;0;1
7868;0;1586;0;1
7869;0;1586;0;1
7870;0;1586;0;1
7871;0;1586;0;1
7872;0;1586;0;1
7873;0;1586;0;1
7874;0;1586;0;1
7875;0;1586;0;1
7876;0;1586;0;1
7877;0;1586;0;1
7878;0;1586;0;1
7879;0;1586;0;1
7880;0;1586;0;1
7881;0;1586;0;1
7882;0;1586;0;1
7883;0;1586;0;1
7884;0;1586;0;1
7885;0;1586;0;1
7886;0;1586;0;1
7887;0;1586;0;1
7888;0;1586;0;1
7889;0;1586;0;1
7890;0;1586;0;1
7891;0;1586;0;1
7892;0;1586;0;1
7893;0;1586;0;1
7894;0;1586;0;1
7895;0;1586;0;1
7896;0;1586;0;1
7897;0;1586;0;1
7898;0;1586;0;1
7899;0;1586;0;1
7900;0;1586;0;1
7901;0;1586;0;1
7902;0;1586;0;1
7903;0;1586;0;1
7904;0;1586;0;1
7905;0;1586;0;1
7906;0;1586;0;1
7907;0;1586;0;1
7908;0;1586;0;1
7909;0;1586;0;1
7910;0;1586;0;1
7911;0;1586;0;1
7912;0;1586;0;1
7913;0;1586;0;1
7914;0;1586;0;1
7915;0;1586;0;1
7916;0;1586;0;1
7917;0;1586;0;1
7918;0;1586;0;1
7919;0;1586;0;1
7920;0;1586;0;1
7921;0;1586;0;1
7922;0;1586;0;1
7923;0;1586;0;1
7924;0;1586;0;1
7925;0;1586;0;1
7926;0;1586;0;1
7927;0;1586;0;1
7928;0;1586;0;1
7929;0;1586;0;1
7930;0;1586;0;1
7931;0;1586;0;1
7932;0;1586;0;1
7933;0;1586;0;1
7934;0;1586;0;1
7935;0;1586;0;1
7936;0;1586;0;1
7937;0;1586;0;1
7938;0;1586;0;1
7939;0;1586;0;1
7940;0;1586;0;1
7941;0;1586;0;1
7942;0;1586;0;1
7943;0;1586;0;1
7944;0;1586;0;1
7945;0;1586;0;1
7946;0;1586;0;1
7947;0;1586;0;1
7948;0;1586;0;1
7949;0;1586;0;1
7950;0;1586;0;1
7951;0;1586;0;1
7952;0;1586;0;1
7953;0;1586;0;1
7954;0;1586;0;1
7955;0;1586;0;1
7956;0;1586;0;1
7957;0;1586;0;1
7958;0;1586;0;1
7959;0;1586;0;1
7960;0;1586;0;1
7961;0;1586;0;1
7962;0;1586;0;1
7963;0;1586;0;1
7964;0;1586;0;1
7965;0;1586;0;1
7966;0;1586;0;1
7967;0;1586;0;1
7968;0;1586;0;1
7969;0;1586;0;1
7970;0;1586;0;1
7971;0;1586;0;1
7972;0;1586;0;1
7973;0;1586;0;1
7974;0;1586;0;1
7975;0;1586;0;1
7976;0;1586;0;1
7977;0;1586;0;1
7978;0;1586;0;1
7979;0;1586;0;1
7980;0;1586;0;1
7981;0;1586;0;1
7982;0;1586;0;1
7983;0;1586;0;1
7984;0;1586;0;1
7985;0;1586;0;1
7986;0;1586;0;1
7987;0;1586;0;1
7988;0;1586;0;1
7989;0;1586;0;1
7990;0;1586;0;1
7991;0;1586;0;1
7992;0;1586;0;1
7993;0;1586;0;1
7994;0;1586;0;1
7995;0;1586;0;1
7996;0;1586;0;1
7997;0;1586;0;1
7998;0;1586;0;1
7999;0;1586;0;1
8000;0;1586;0;1
8001;0;1586;0;1
8002;0;1586;0;1
8003;0;1586;0;1
8004;0;1586;0;1
8005;0;1586;0;1
8006;0;1586;0;1
8007;0;1586;0;1
8008;0;1586;0;1
8009;0;1586;0;1
8010;0;1586;0;1
8011;0;1586;0;1
8012;0;1586;0;1
8013;0;1586;0;1
8014;0;1586;0;1
8015;0;1586;0;1
8016;0;1586;0;1
8017;0;1586;0;1
8018;0;1586;0;1
8019;0;1586;0;1
8020;0;1586;0;1
8021;0;1586;0;1
8022;0;1586;0;1
8023;0;1586;0;1
8024;0;1586;0;1
8025;0;1586;0;1
8026;0;1586;0;1
8027;0;1586;0;1
8028;0;1586;0;1
8029;0;1586;0;1
8030;0;1586;0;1
8031;0;1586;0;1
8032;0;1586;0;1
8033;0;1586;0;1
8034;0;1586;0;1
8035;0;1586;0;1
8036;0;1586;0;1
8037;0;1586;0;1
8038;0;1586;0;1
8039;0;1586;0;1
8040;0;1586;0;1
8041;0;1586;0;1
8042;0;1586;0;1
8043;0;1586;0;1
8044;0;1586;0;1
8045;0;1586;0;1
8046;0;1586;0;1
8047;0;1586;0;1
8048;0;1586;0;1
8049;0;1586;0;1
8050;0;1586;0;1
8051;0;1586;0;1
8052;0;1586;0;1
8053;0;1586;0;1
8054;0;1586;0;1
8055;0;1586;0;1
8056;0;1586;0;1
8057;0;1586;0;1
8058;0;1586;0;1
8059;0;1586;0;1
8060;0;1586;0;1
8061;0;1586;0;1
8062;0;1586;0;1
8063;0;1586;0;1
8064;0;1586;0;1
8065;0;1586;0;1
8066;0;1586;0;1
8067;0;1586;0;1
8068;0;1586;0;1
8069;0;1586;0;1
8070;0;1586;0;1
8071;0;1586;0;1
8072;0;1586;0;1
8073;0;1586;0;1
8074;0;1586;0;1
8075;0;1586;0;1
8076;0;1586;0;1
8077;0;1586;0;1
8078;0;1586;0;1
8079;0;1586;0;1
8080;0;1586;0;1
8081;0;1586;0;1
8082;0;1586;0;1
8083;0;1586;0;1
8084;0;1586;0;1
8085;0;1586;0;1
8086;0;1586;0;1
8087;0;1586;0;1
8088;0;1586;0;1
8089;0;1586;0;1
8090;0;1586;0;1
8091;0;1586;0;1
8092;0;1586;0;1
8093;0;1586;0;1
8094;0;1586;0;1
8095;0;1586;0;1
8096;0;1586;0;1
8097;0;1586;0;1
8098;0;1586;0;1
8099;0;1586;0;1
8100;0;1586;0;1
8101;0;1586;0;1
8102;0;1586;0;1
8103;0;1586;0;1
8104;0;1586;0;1
8105;0;1586;0;1
8106;0;1586;0;1
8107;0;1586;0;1
8108;0;1586;0;1
8109;0;1586;0;1
8110;0;1586;0;1
8111;0;1586;0;1
8112;0;1586;0;1
8113;0;1586;0;1
8114;0;1586;0;1
8115;0;1586;0;1
8116;0;1586;0;1
8117;0;1586;0;1
8118;0;1586;0;1
8119;0;1586;0;1
8120;0;1586;0;1
8121;0;1586;0;1
8122;0;1586;0;1
8123;0;1586;0;1
8124;0;1586;0;1
8125;0;1586;0;1
8126;0;1586;0;1
8127;0;1586;0;1
8128;0;1586;0;1
8129;0;1586;0;1
8130;0;1586;0;1
8131;0;1586;0;1
8132;0;1586;0;1
8133;0;1586;0;1
8134;0;1586;0;1
8135;0;1586;0;1
8136;0;1586;0;1
8137;0;1586;0;1
8138;0;1586;0;1
8139;0;1586;0;1
8140;0;1586;0;1
8141;0;1586;0;1
8142;0;1586;0;1
8143;0;1586;0;1
8144;0;1586;0;1
8145;0;1586;0;1
8146;0;1586;0;1
8147;0;1586;0;1
8148;0;1586;0;1
8149;0;1586;0;1
8150;0;1586;0;1
8151;0;1586;0;1
8152;0;1586;0;1
8153;0;1586;0;1
8154;0;1586;0;1
8155;0;1586;0;1
8156;0;1586;0;1
8157;0;1586;0;1
8158;0;1586;0;1
8159;0;1586;0;1
8160;0;1586;0;1
8161;0;1586;0;1
8162;0;1586;0;1
8163;0;1586;0;1
8164;0;1586;0;1
8165;0;1586;0;1
8166;0;1586;0;1
8167;0;1586;0;1
8168;0;1586;0;1
8169;0;1586;0;1
8170;0;1586;0;1
8171;0;1586;0;1
8172;0;1586;0;1
8173;0;1586;0;1
8174;0;1586;0;1
8175;0;1586;0;1
8176;0;1586;0;1
8177;0;1586;0;1
8178;0;1586;0;1
8179;0;1586;0;1
8180;0;1586;0;1
8181;0;1586;0;1
8182;0;1586;0;1
8183;0;1586;0;1
8184;0;1586;0;1
8185;0;1586;0;1
8186;0;1586;0;1
8187;0;1586;0;1
8188;0;1586;0;1
8189;0;1586;0;1
8190;0;1586;0;1
8191;0;1586;0;1
8192;0;1586;0;1
8193;0;1586;0;1
8194;0;1586;0;1
8195;0;1586;0;1
8196;0;1586;0;1
8197;0;1586;0;1
8198;0;1586;0;1
8199;0;1586;0;1
8200;0;1586;0;1
8201;0;1586;0;1
8202;0;1586;0;1
8203;0;1586;0;1
8204;0;1586;0;1
8205;0;1586;0;1
8206;0;1586;0;1
8207;0;1586;0;1
8208;0;1586;0;1
8209;0;1586;0;1
8210;0;1586;0;1
8211;0;1586;0;1
8212;0;1586;0;1
8213;0;1586;0;1
8214;0;1586;0;1
8215;0;1586;0;1
8216;0;1586;0;1
8217;0;1586;0;1
8218;0;1586;0;1
8219;0;1586;0;1
8220;0;1586;0;1
8221;0;1586;0;1
8222;0;1586;0;1
8223;0;1586;0;1
8224;0;1586;0;1
8225;0;1586;0;1
8226;0;1586;0;1
8227;0;1586;0;1
8228;0;1586;0;1
8229;0;1586;0;1
8230;0;1586;0;1
8231;0;1586;0;1
8232;0;1586;0;1
8233;0;1586;0;1
8234;0;1586;0;1
8235;0;1586;0;1
8236;0;1586;0;1
8237;0;1586;0;1
8238;0;1586;0;1
8239;0;1586;0;1
8240;0;1586;0;1
8241;0;1586;0;1
8242;0;1586;0;1
8243;0;1586;0;1
8244;0;1586;0;1
8245;0;1586;0;1
8246;0;1586;0;1
8247;0;1586;0;1
8248;0;1586;0;1
8249;0;1586;0;1
8250;0;1586;0;1
8251;0;1586;0;1
8252;0;1586;0;1
8253;0;1586;0;1
8254;0;1586;0;1
8255;0;1586;0;1
8256;0;1586;0;1
8257;0;1586;0;1
8258;0;1586;0;1
8259;0;1586;0;1
8260;0;1586;0;1
8261;0;1586;0;1
8262;0;1586;0;1
8263;0;1586;0;1
8264;0;1586;0;1
8265;0;1586;0;1
8266;0;1586;0;1
8267;0;1586;0;1
8268;0;1586;0;1
8269;0;1586;0;1
8270;0;1586;0;1
8271;0;1586;0;1
8272;0;1586;0;1
8273;0;1586;0;1
8274;0;1586;0;1
8275;0;1586;0;1
8276;0;1586;0;1
8277;0;1586;0;1
8278;0;1586;0;1
8279;0;1586;0;1
8280;0;1586;0;1
8281;0;1586;0;1
8282;0;1586;0;1
8283;0;1586;0;1
8284;0;1586;0;1
8285;0;1586;0;1
8286;0;1586;0;1
8287;0;1586;0;1
8288;0;1586;0;1
8289;0;1586;0;1
8290;0;1586;0;1
8291;0;1586;0;1
8292;0;1586;0;1
8293;0;1586;0;1
8294;0;1586;0;1
8295;0;1586;0;1
8296;0;1586;0;1
8297;0;1586;0;1
8298;0;1586;0;1
8299;0;1586;0;1
8300;0;1586;0;1
8301;0;1586;0;1
8302;0;1586;0;1
8303;0;1586;0;1
8304;0;1586;0;1
8305;0;1586;0;1
8306;0;1586;0;1
8307;0;1586;0;1
8308;0;1586;0;1
8309;0;1586;0;1
8310;0;1586;0;1
8311;0;1586;0;1
8312;0;1586;0;1
8313;0;1586;0;1
8314;0;1586;0;1
8315;0;1586;0;1
8316;0;1586;0;1
8317;0;1586;0;1
8318;0;1586;0;1
8319;0;1586;0;1
8320;0;1586;0;1
8321;0;1586;0;1
8322;0;1586;0;1
8323;0;1586;0;1
8324;0;1586;0;1
8325;0;1586;0;1
8326;0;1586;0;1
8327;0;1586;0;1
8328;0;1586;0;1
8329;0;1586;0;1
8330;0;1586;0;1
8331;0;1586;0;1
8332;0;1586;0;1
8333;0;1586;0;1
8334;0;1586;0;1
8335;0;1586;0;1
8336;0;1586;0;1
8337;0;1586;0;1
8338;0;1586;0;1
8339;0;1586;0;1
8340;0;1586;0;1
8341;0;1586;0;1
8342;0;1586;0;1
8343;0;1586;0;1
8344;0;1586;0;1
8345;0;1586;0;1
8346;0;1586;0;1
8347;0;1586;0;1
8348;0;1586;0;1
8349;0;1586;0;1
8350;0;1586;0;1
8351;0;1586;0;1
8352;0;1586;0;1
8353;0;1586;0;1
8354;0;1586;0;1
8355;0;1586;0;1
8356;0;1586;0;1
8357;0;1586;0;1
8358;0;1586;0;1
8359;0;1586;0;1
8360;0;1586;0;1
8361;0;1586;0;1
8362;0;1586;0;1
8363;0;1586;0;1
8364;0;1586;0;1
8365;0;1586;0;1
8366;0;1586;0;1
8367;0;1586;0;1
8368;0;1586;0;1
8369;0;1586;0;1
8370;0;1586;0;1
8371;0;1586;0;1
8372;0;1586;0;1
8373;0;1586;0;1
8374;0;1586;0;1
8375;0;1586;0;1
8376;0;1586;0;1
8377;0;1586;0;1
8378;0;1586;0;1
8379;0;1586;0;1
8380;0;1586;0;1
8381;0;1586;0;1
8382;0;1586;0;1
8383;0;1586;0;1
8384;0;1586;0;1
8385;0;1586;0;1
8386;0;1586;0;1
8387;0;1586;0;1
8388;0;1586;0;1
8389;0;1586;0;1
8390;0;1586;0;1
8391;0;1586;0;1
8392;0;1586;0;1
8393;0;1586;0;1
8394;0;1586;0;1
8395;0;1586;0;1
8396;0;1586;0;1
8397;0;1586;0;1
8398;0;1586;0;1
8399;0;1586;0;1
8400;0;1586;0;1
8401;0;1586;0;1
8402;0;1586;0;1
8403;0;1586;0;1
8404;0;1586;0;1
8405;0;1586;0;1
8406;0;1586;0;1
8407;0;1586;0;1
8408;0;1586;0;1
8409;0;1586;0;1
8410;0;1586;0;1
8411;0;1586;0;1
8412;0;1586;0;1
8413;0;1586;0;1
8414;0;1586;0;1
8415;0;1586;0;1
8416;0;1586;0;1
8417;0;1586;0;1
8418;0;1586;0;1
8419;0;1586;0;1
8420;0;1586;0;1
8421;0;1586;0;1
8422;0;1586;0;1
8423;0;1586;0;1
8424;0;1586;0;1
8425;0;1586;0;1
8426;0;1586;0;1
8427;0;1586;0;1
8428;0;1586;0;1
8429;0;1586;0;1
8430;0;1586;0;1
8431;0;1586;0;1
8432;0;1586;0;1
8433;0;1586;0;1
8434;0;1586;0;1
8435;0;1586;0;1
8436;0;1586;0;1
8437;0;1586;0;1
8438;0;1586;0;1
8439;0;1586;0;1
8440;0;1586;0;1
8441;0;1586;0;1
8442;0;1586;0;1
8443;0;1586;0;1
8444;0;1586;0;1
8445;0;1586;0;1
8446;0;1586;0;1
8447;0;1586;0;1
8448;0;1586;0;1
8449;0;1586;0;1
8450;0;1586;0;1
8451;0;1586;0;1
8452;0;1586;0;1
8453;0;1586;0;1
8454;0;1586;0;1
8455;0;1586;0;1
8456;0;1586;0;1
8457;0;1586;0;1
8458;0;1586;0;1
8459;0;1586;0;1
8460;0;1586;0;1
8461;0;1586;0;1
8462;0;1586;0;1
8463;0;1586;0;1
8464;0;1586;0;1
8465;0;1586;0;1
8466;0;1586;0;1
8467;0;1586;0;1
8468;0;1586;0;1
8469;0;1586;0;1
8470;0;1586;0;1
8471;0;1586;0;1
8472;0;1586;0;1
8473;0;1586;0;1
8474;0;1586;0;1
8475;0;1586;0;1
8476;0;1586;0;1
8477;0;1586;0;1
8478;0;1586;0;1
8479;0;1586;0;1
8480;0;1586;0;1
8481;0;1586;0;1
8482;0;1586;0;1
8483;0;1586;0;1
8484;0;1586;0;1
8485;0;1586;0;1
8486;0;1586;0;1
8487;0;1586;0;1
8488;0;1586;0;1
8489;0;1586;0;1
8490;0;1586;0;1
8491;0;1586;0;1
8492;0;1586;0;1
8493;0;1586;0;1
8494;0;1586;0;1
8495;0;1586;0;1
8496;0;1586;0;1
8497;0;1586;0;1
8498;0;1586;0;1
8499;0;1586;0;1
8500;0;1586;0;1
8501;0;1586;0;1
8502;0;1586;0;1
8503;0;1586;0;1
8504;0;1586;0;1
8505;0;1586;0;1
8506;0;1586;0;1
8507;0;1586;0;1
8508;0;1586;0;1
8509;0;1586;0;1
8510;0;1586;0;1
8511;0;1586;0;1
8512;0;1586;0;1
8513;0;1586;0;1
8514;0;1586;0;1
8515;0;1586;0;1
8516;0;1586;0;1
8517;0;1586;0;1
8518;0;1586;0;1
8519;0;1586;0;1
8520;0;1586;0;1
8521;0;1586;0;1
8522;0;1586;0;1
8523;0;1586;0;1
8524;0;1586;0;1
8525;0;1586;0;1
8526;0;1586;0;1
8527;0;1586;0;1
8528;0;1586;0;1
8529;0;1586;0;1
8530;0;1586;0;1
8531;0;1586;0;1
8532;0;1586;0;1
8533;0;1586;0;1
8534;0;1586;0;1
8535;0;1586;0;1
8536;0;1586;0;1
8537;0;1586;0;1
8538;0;1586;0;1
8539;0;1586;0;1
8540;0;1586;0;1
8541;0;1586;0;1
8542;0;1586;0;1
8543;0;1586;0;1
8544;0;1586;0;1
8545;0;1586;0;1
8546;0;1586;0;1
8547;0;1586;0;1
8548;0;1586;0;1
8549;0;1586;0;1
8550;0;1586;0;1
8551;0;1586;0;1
8552;0;1586;0;1
8553;0;1586;0;1
8554;0;1586;0;1
8555;0;1586;0;1
8556;0;1586;0;1
8557;0;1586;0;1
8558;0;1586;0;1
8559;0;1586;0;1
8560;0;1586;0;1
8561;0;1586;0;1
8562;0;1586;0;1
8563;0;1586;0;1
8564;0;1586;0;1
8565;0;1586;0;1
8566;0;1586;0;1
8567;0;1586;0;1
8568;0;1586;0;1
8569;0;1586;0;1
8570;0;1586;0;1
8571;0;1586;0;1
8572;0;1586;0;1
8573;0;1586;0;1
8574;0;1586;0;1
8575;0;1586;0;1
8576;0;1586;0;1
8577;0;1586;0;1
8578;0;1586;0;1
8579;0;1586;0;1
8580;0;1586;0;1
8581;0;1586;0;1
8582;0;1586;0;1
8583;0;1586;0;1
8584;0;1586;0;1
8585;0;1586;0;1
8586;0;1586;0;1
8587;0;1586;0;1
8588;0;1586;0;1
8589;0;1586;0;1
8590;0;1586;0;1
8591;0;1586;0;1
8592;0;1586;0;1
8593;0;1586;0;1
8594;0;1586;0;1
8595;0;1586;0;1
8596;0;1586;0;1
8597;0;1586;0;1
8598;0;1586;0;1
8599;0;1586;0;1
8600;0;1586;0;1
8601;0;1586;0;1
8602;0;1586;0;1
8603;0;1586;0;1
8604;0;1586;0;1
8605;0;1586;0;1
8606;0;1586;0;1
8607;0;1586;0;1
8608;0;1586;0;1
8609;0;1586;0;1
8610;0;1586;0;1
8611;0;1586;0;1
8612;0;1586;0;1
8613;0;1586;0;1
8614;0;1586;0;1
8615;0;1586;0;1
8616;0;1586;0;1
8617;0;1586;0;1
8618;0;1586;0;1
8619;0;1586;0;1
8620;0;1586;0;1
8621;0;1586;0;1
8622;0;1586;0;1
8623;0;1586;0;1
8624;0;1586;0;1
8625;0;1586;0;1
8626;0;1586;0;1
8627;0;1586;0;1
8628;0;1586;0;1
8629;0;1586;0;1
8630;0;1586;0;1
8631;0;1586;0;1
8632;0;1586;0;1
8633;0;1586;0;1
8634;0;1586;0;1
8635;0;1586;0;1
8636;0;1586;0;1
8637;0;1586;0;1
8638;0;1586;0;1
8639;0;1586;0;1
8640;0;1586;0;1
8641;0;1586;0;1
8642;0;1586;0;1
8643;0;1586;0;1
8644;0;1586;0;1
8645;0;1586;0;1
8646;0;1586;0;1
8647;0;1586;0;1
8648;0;1586;0;1
8649;0;1586;0;1
8650;0;1586;0;1
8651;0;1586;0;1
8652;0;1586;0;1
8653;0;1586;0;1
8654;0;1586;0;1
8655;0;1586;0;1
8656;0;1586;0;1
8657;0;1586;0;1
8658;0;1586;0;1
8659;0;1586;0;1
8660;0;1586;0;1
8661;0;1586;0;1
8662;0;1586;0;1
8663;0;1586;0;1
8664;0;1586;0;1
8665;0;1586;0;1
8666;0;1586;0;1
8667;0;1586;0;1
8668;0;1586;0;1
8669;0;1586;0;1
8670;0;1586;0;1
8671;0;1586;0;1
8672;0;1586;0;1
8673;0;1586;0;1
8674;0;1586;0;1
8675;0;1586;0;1
8676;0;1586;0;1
8677;0;1586;0;1
8678;0;1586;0;1
8679;0;1586;0;1
8680;0;1586;0;1
8681;0;1586;0;1
8682;0;1586;0;1
8683;0;1586;0;1
8684;0;1586;0;1
8685;0;1586;0;1
8686;0;1586;0;1
8687;0;1586;0;1
8688;0;1586;0;1
8689;0;1586;0;1
8690;0;1586;0;1
8691;0;1586;0;1
8692;0;1586;0;1
8693;0;1586;0;1
8694;0;1586;0;1
8695;0;1586;0;1
8696;0;1586;0;1
8697;0;1586;0;1
8698;0;1586;0;1
8699;0;1586;0;1
8700;0;1586;0;1
8701;0;1586;0;1
8702;0;1586;0;1
8703;0;1586;0;1
8704;0;1586;0;1
8705;0;1586;0;1
8706;0;1586;0;1
8707;0;1586;0;1
8708;0;1586;0;1
8709;0;1586;0;1
8710;0;1586;0;1
8711;0;1586;0;1
8712;0;1586;0;1
8713;0;1586;0;1
8714;0;1586;0;1
8715;0;1586;0;1
8716;0;1586;0;1
8717;0;1586;0;1
8718;0;1586;0;1
8719;0;1586;0;1
8720;0;1586;0;1
8721;0;1586;0;1
8722;0;1586;0;1
8723;0;1586;0;1
8724;0;1586;0;1
8725;0;1586;0;1
8726;0;1586;0;1
8727;0;1586;0;1
8728;0;1586;0;1
8729;0;1586;0;1
8730;0;1586;0;1
8731;0;1586;0;1
8732;0;1586;0;1
8733;0;1586;0;1
8734;0;1586;0;1
8735;0;1586;0;1
8736;0;1586;0;1
8737;0;1586;0;1
8738;0;1586;0;1
8739;0;1586;0;1
8740;0;1586;0;1
8741;0;1586;0;1
8742;0;1586;0;1
8743;0;1586;0;1
8744;0;1586;0;1
8745;0;1586;0;1
8746;0;1586;0;1
8747;0;1586;0;1
8748;0;1586;0;1
8749;0;1586;0;1
8750;0;1586;0;1
8751;0;1586;0;1
8752;0;1586;0;1
8753;0;1586;0;1
8754;0;1586;0;1
8755;0;1586;0;1
8756;0;1586;0;1
8757;0;1586;0;1
8758;0;1586;0;1
8759;0;1586;0;1
8760;0;1586;0;1
8761;0;1586;0;1
8762;0;1586;0;1
8763;0;1586;0;1
8764;0;1586;0;1
8765;0;1586;0;1
8766;0;1586;0;1
8767;0;1586;0;1
8768;0;1586;0;1
8769;0;1586;0;1
8770;0;1586;0;1
8771;0;1586;0;1
8772;0;1586;0;1
8773;0;1586;0;1
8774;0;1586;0;1
8775;0;1586;0;1
8776;0;1586;0;1
8777;0;1586;0;1
8778;0;1586;0;1
8779;0;1586;0;1
8780;0;1586;0;1
8781;0;1586;0;1
8782;0;1586;0;1
8783;0;1586;0;1
8784;0;1586;0;1
8785;0;1586;0;1
8786;0;1586;0;1
8787;0;1586;0;1
8788;0;1586;0;1
8789;0;1586;0;1
8790;0;1586;0;1
8791;0;1586;0;1
8792;0;1586;0;1
8793;0;1586;0;1
8794;0;1586;0;1
8795;0;1586;0;1
8796;0;1586;0;1
8797;0;1586;0;1
8798;0;1586;0;1
8799;0;1586;0;1
8800;0;1586;0;1
8801;0;1586;0;1
8802;0;1586;0;1
8803;0;1586;0;1
8804;0;1586;0;1
8805;0;1586;0;1
8806;0;1586;0;1
8807;0;1586;0;1
8808;0;1586;0;1
8809;0;1586;0;1
8810;0;1586;0;1
8811;0;1586;0;1
8812;0;1586;0;1
8813;0;1586;0;1
8814;0;1586;0;1
8815;0;1586;0;1
8816;0;1586;0;1
8817;0;1586;0;1
8818;0;1586;0;1
8819;0;1586;0;1
8820;0;1586;0;1
8821;0;1586;0;1
8822;0;1586;0;1
8823;0;1586;0;1
8824;0;1586;0;1
8825;0;1586;0;1
8826;0;1586;0;1
8827;0;1586;0;1
8828;0;1586;0;1
8829;0;1586;0;1
8830;0;1586;0;1
8831;0;1586;0;1
8832;0;1586;0;1
8833;0;1586;0;1
8834;0;1586;0;1
8835;0;1586;0;1
8836;0;1586;0;1
8837;0;1586;0;1
8838;0;1586;0;1
8839;0;1586;0;1
8840;0;1586;0;1
8841;0;1586;0;1
8842;0;1586;0;1
8843;0;1586;0;1
8844;0;1586;0;1
8845;0;1586;0;1
8846;0;1586;0;1
8847;0;1586;0;1
8848;0;1586;0;1
8849;0;1586;0;1
8850;0;1586;0;1
8851;0;1586;0;1
8852;0;1586;0;1
8853;0;1586;0;1
8854;0;1586;0;1
8855;0;1586;0;1
8856;0;1586;0;1
8857;0;1586;0;1
8858;0;1586;0;1
8859;0;1586;0;1
8860;0;1586;0;1
8861;0;1586;0;1
8862;0;1586;0;1
8863;0;1586;0;1
8864;0;1586;0;1
8865;0;1586;0;1
8866;0;1586;0;1
8867;0;1586;0;1
8868;0;1586;0;1
8869;0;1586;0;1
8870;0;1586;0;1
8871;0;1586;0;1
8872;0;1586;0;1
8873;0;1586;0;1
8874;0;1586;0;1
8875;0;1586;0;1
8876;0;1586;0;1
8877;0;1586;0;1
8878;0;1586;0;1
8879;0;1586;0;1
8880;0;1586;0;1
8881;0;1586;0;1
8882;0;1586;0;1
8883;0;1586;0;1
8884;0;1586;0;1
8885;0;1586;0;1
8886;0;1586;0;1
8887;0;1586;0;1
8888;0;1586;0;1
8889;0;1586;0;1
8890;0;1586;0;1
8891;0;1586;0;1
8892;0;1586;0;1
8893;0;1586;0;1
8894;0;1586;0;1
8895;0;1586;0;1
8896;0;1586;0;1
8897;0;1586;0;1
8898;0;1586;0;1
8899;0;1586;0;1
8900;0;1586;0;1
8901;0;1586;0;1
8902;0;1586;0;1
8903;0;1586;0;1
8904;0;1586;0;1
8905;0;1586;0;1
8906;0;1586;0;1
8907;0;1586;0;1
8908;0;1586;0;1
8909;0;1586;0;1
8910;0;1586;0;1
8911;0;1586;0;1
8912;0;1586;0;1
8913;0;1586;0;1
8914;0;1586;0;1
8915;0;1586;0;1
8916;0;1586;0;1
8917;0;1586;0;1
8918;0;1586;0;1
8919;0;1586;0;1
8920;0;1586;0;1
8921;0;1586;0;1
8922;0;1586;0;1
8923;0;1586;0;1
8924;0;1586;0;1
8925;0;1586;0;1
8926;0;1586;0;1
8927;0;1586;0;1
8928;0;1586;0;1
8929;0;1586;0;1
8930;0;1586;0;1
8931;0;1586;0;1
8932;0;1586;0;1
8933;0;1586;0;1
8934;0;1586;0;1
8935;0;1586;0;1
8936;0;1586;0;1
8937;0;1586;0;1
8938;0;1586;0;1
8939;0;1586;0;1
8940;0;1586;0;1
8941;0;1586;0;1
8942;0;1586;0;1
8943;0;1586;0;1
8944;0;1586;0;1
8945;0;1586;0;1
8946;0;1586;0;1
8947;0;1586;0;1
8948;0;1586;0;1
8949;0;1586;0;1
8950;0;1586;0;1
8951;0;1586;0;1
8952;0;1586;0;1
8953;0;1586;0;1
8954;0;1586;0;1
8955;0;1586;0;1
8956;0;1586;0;1
8957;0;1586;0;1
8958;0;1586;0;1
8959;0;1586;0;1
8960;0;1586;0;1
8961;0;1586;0;1
8962;0;1586;0;1
8963;0;1586;0;1
8964;0;1586;0;1
8965;0;1586;0;1
8966;0;1586;0;1
8967;0;1586;0;1
8968;0;1586;0;1
8969;0;1586;0;1
8970;0;1586;0;1
8971;0;1586;0;1
8972;0;1586;0;1
8973;0;1586;0;1
8974;0;1586;0;1
8975;0;1586;0;1
8976;0;1586;0;1
8977;0;1586;0;1
8978;0;1586;0;1
8979;0;1586;0;1
8980;0;1586;0;1
8981;0;1586;0;1
8982;0;1586;0;1
8983;0;1586;0;1
8984;0;1586;0;1
8985;0;1586;0;1
8986;0;1586;0;1
8987;0;1586;0;1
8988;0;1586;0;1
8989;0;1586;0;1
8990;0;1586;0;1
8991;0;1586;0;1
8992;0;1586;0;1
8993;0;1586;0;1
8994;0;1586;0;1
8995;0;1586;0;1
8996;0;1586;0;1
8997;0;1586;0;1
8998;0;1586;0;1
8999;0;1586;0;1
9000;0;1586;0;1
9001;0;1586;0;1
9002;0;1586;0;1
9003;0;1586;0;1
9004;0;1586;0;1
9005;0;1586;0;1
9006;0;1586;0;1
9007;0;1586;0;1
9008;0;1586;0;1
9009;0;1586;0;1
9010;0;1586;0;1
9011;0;1586;0;1
9012;0;1586;0;1
9013;0;1586;0;1
9014;0;1586;0;1
9015;0;1586;0;1
9016;0;1586;0;1
9017;0;1586;0;1
9018;0;1586;0;1
9019;0;1586;0;1
9020;0;1586;0;1
9021;0;1586;0;1
9022;0;1586;0;1
9023;0;1586;0;1
9024;0;1586;0;1
9025;0;1586;0;1
9026;0;1586;0;1
9027;0;1586;0;1
9028;0;1586;0;1
9029;0;1586;0;1
9030;0;1586;0;1
9031;0;1586;0;1
9032;0;1586;0;1
9033;0;1586;0;1
9034;0;1586;0;1
9035;0;1586;0;1
9036;0;1586;0;1
9037;0;1586;0;1
9038;0;1586;0;1
9039;0;1586;0;1
9040;0;1586;0;1
9041;0;1586;0;1
9042;0;1586;0;1
9043;0;1586;0;1
9044;0;1586;0;1
9045;0;1586;0;1
9046;0;1586;0;1
9047;0;1586;0;1
9048;0;1586;0;1
9049;0;1586;0;1
9050;0;1586;0;1
9051;0;1586;0;1
9052;0;1586;0;1
9053;0;1586;0;1
9054;0;1586;0;1
9055;0;1586;0;1
9056;0;1586;0;1
9057;0;1586;0;1
9058;0;1586;0;1
9059;0;1586;0;1
9060;0;1586;0;1
9061;0;1586;0;1
9062;0;1586;0;1
9063;0;1586;0;1
9064;0;1586;0;1
9065;0;1586;0;1
9066;0;1586;0;1
9067;0;1586;0;1
9068;0;1586;0;1
9069;0;1586;0;1
9070;0;1586;0;1
9071;0;1586;0;1
9072;0;1586;0;1
9073;0;1586;0;1
9074;0;1586;0;1
9075;0;1586;0;1
9076;0;1586;0;1
9077;0;1586;0;1
9078;0;1586;0;1
9079;0;1586;0;1
9080;0;1586;0;1
9081;0;1586;0;1
9082;0;1586;0;1
9083;0;1586;0;1
9084;0;1586;0;1
9085;0;1586;0;1
9086;0;1586;0;1
9087;0;1586;0;1
9088;0;1586;0;1
9089;0;1586;0;1
9090;0;1586;0;1
9091;0;1586;0;1
9092;0;1586;0;1
9093;0;1586;0;1
9094;0;1586;0;1
9095;0;1586;0;1
9096;0;1586;0;1
9097;0;1586;0;1
9098;0;1586;0;1
9099;0;1586;0;1
9100;0;1586;0;1
9101;0;1586;0;1
9102;0;1586;0;1
9103;0;1586;0;1
9104;0;1586;0;1
9105;0;1586;0;1
9106;0;1586;0;1
9107;0;1586;0;1
9108;0;1586;0;1
9109;0;1586;0;1
9110;0;1586;0;1
9111;0;1586;0;1
9112;0;1586;0;1
9113;0;1586;0;1
9114;0;1586;0;1
9115;0;1586;0;1
9116;0;1586;0;1
9117;0;1586;0;1
9118;0;1586;0;1
9119;0;1586;0;1
9120;0;1586;0;1
9121;0;1586;0;1
9122;0;1586;0;1
9123;0;1586;0;1
9124;0;1586;0;1
9125;0;1586;0;1
9126;0;1586;0;1
9127;0;1586;0;1
9128;0;1586;0;1
9129;0;1586;0;1
9130;0;1586;0;1
9131;0;1586;0;1
9132;0;1586;0;1
9133;0;1586;0;1
9134;0;1586;0;1
9135;0;1586;0;1
9136;0;1586;0;1
9137;0;1586;0;1
9138;0;1586;0;1
9139;0;1586;0;1
9140;0;1586;0;1
9141;0;1586;0;1
9142;0;1586;0;1
9143;0;1586;0;1
9144;0;1586;0;1
9145;0;1586;0;1
9146;0;1586;0;1
9147;0;1586;0;1
9148;0;1586;0;1
9149;0;1586;0;1
9150;0;1586;0;1
9151;0;1586;0;1
9152;0;1586;0;1
9153;0;1586;0;1
9154;0;1586;0;1
9155;0;1586;0;1
9156;0;1586;0;1
9157;0;1586;0;1
9158;0;1586;0;1
9159;0;1586;0;1
9160;0;1586;0;1
9161;0;1586;0;1
9162;0;1586;0;1
9163;0;1586;0;1
9164;0;1586;0;1
9165;0;1586;0;1
9166;0;1586;0;1
9167;0;1586;0;1
9168;0;1586;0;1
9169;0;1586;0;1
9170;0;1586;0;1
9171;0;1586;0;1
9172;0;1586;0;1
9173;0;1586;0;1
9174;0;1586;0;1
9175;0;1586;0;1
9176;0;1586;0;1
9177;0;1586;0;1
9178;0;1586;0;1
9179;0;1586;0;1
9180;0;1586;0;1
9181;0;1586;0;1
9182;0;1586;0;1
9183;0;1586;0;1
9184;0;1586;0;1
9185;0;1586;0;1
9186;0;1586;0;1
9187;0;1586;0;1
9188;0;1586;0;1
9189;0;1586;0;1
9190;0;1586;0;1
9191;0;1586;0;1
9192;0;1586;0;1
9193;0;1586;0;1
9194;0;1586;0;1
9195;0;1586;0;1
9196;0;1586;0;1
9197;0;1586;0;1
9198;0;1586;0;1
9199;0;1586;0;1
9200;0;1586;0;1
9201;0;1586;0;1
9202;0;1586;0;1
9203;0;1586;0;1
9204;0;1586;0;1
9205;0;1586;0;1
9206;0;1586;0;1
9207;0;1586;0;1
9208;0;1586;0;1
9209;0;1586;0;1
9210;0;1586;0;1
9211;0;1586;0;1
9212;0;1586;0;1
9213;0;1586;0;1
9214;0;1586;0;1
9215;0;1586;0;1
9216;0;1586;0;1
9217;0;1586;0;1
9218;0;1586;0;1
9219;0;1586;0;1
9220;0;1586;0;1
9221;0;1586;0;1
9222;0;1586;0;1
9223;0;1586;0;1
9224;0;1586;0;1
9225;0;1586;0;1
9226;0;1586;0;1
9227;0;1586;0;1
9228;0;1586;0;1
9229;0;1586;0;1
9230;0;1586;0;1
9231;0;1586;0;1
9232;0;1586;0;1
9233;0;1586;0;1
9234;0;1586;0;1
9235;0;1586;0;1
9236;0;1586;0;1
9237;0;1586;0;1
9238;0;1586;0;1
9239;0;1586;0;1
9240;0;1586;0;1
9241;0;1586;0;1
9242;0;1586;0;1
9243;0;1586;0;1
9244;0;1586;0;1
9245;0;1586;0;1
9246;0;1586;0;1
9247;0;1586;0;1
9248;0;1586;0;1
9249;0;1586;0;1
9250;0;1586;0;1
9251;0;1586;0;1
9252;0;1586;0;1
9253;0;1586;0;1
9254;0;1586;0;1
9255;0;1586;0;1
9256;0;1586;0;1
9257;0;1586;0;1
9258;0;1586;0;1
9259;0;1586;0;1
9260;0;1586;0;1
9261;0;1586;0;1
9262;0;1586;0;1
9263;0;1586;0;1
9264;0;1586;0;1
9265;0;1586;0;1
9266;0;1586;0;1
9267;0;1586;0;1
9268;0;1586;0;1
9269;0;1586;0;1
9270;0;1586;0;1
9271;0;1586;0;1
9272;0;1586;0;1
9273;0;1586;0;1
9274;0;1586;0;1
9275;0;1586;0;1
9276;0;1586;0;1
9277;0;1586;0;1
9278;0;1586;0;1
9279;0;1586;0;1
9280;0;1586;0;1
9281;0;1586;0;1
9282;0;1586;0;1
9283;0;1586;0;1
9284;0;1586;0;1
9285;0;1586;0;1
9286;0;1586;0;1
9287;0;1586;0;1
9288;0;1586;0;1
9289;0;1586;0;1
9290;0;1586;0;1
9291;0;1586;0;1
9292;0;1586;0;1
9293;0;1586;0;1
9294;0;1586;0;1
9295;0;1586;0;1
9296;0;1586;0;1
9297;0;1586;0;1
9298;0;1586;0;1
9299;0;1586;0;1
9300;0;1586;0;1
9301;0;1586;0;1
9302;0;1586;0;1
9303;0;1586;0;1
9304;0;1586;0;1
9305;0;1586;0;1
9306;0;1586;0;1
9307;0;1586;0;1
9308;0;1586;0;1
9309;0;1586;0;1
9310;0;1586;0;1
9311;0;1586;0;1
9312;0;1586;0;1
9313;0;1586;0;1
9314;0;1586;0;1
9315;0;1586;0;1
9316;0;1586;0;1
9317;0;1586;0;1
9318;0;1586;0;1
9319;0;1586;0;1
9320;0;1586;0;1
9321;0;1586;0;1
9322;0;1586;0;1
9323;0;1586;0;1
9324;0;1586;0;1
9325;0;1586;0;1
9326;0;1586;0;1
9327;0;1586;0;1
9328;0;1586;0;1
9329;0;1586;0;1
9330;0;1586;0;1
9331;0;1586;0;1
9332;0;1586;0;1
9333;0;1586;0;1
9334;0;1586;0;1
9335;0;1586;0;1
9336;0;1586;0;1
9337;0;1586;0;1
9338;0;1586;0;1
9339;0;1586;0;1
9340;0;1586;0;1
9341;0;1586;0;1
9342;0;1586;0;1
9343;0;1586;0;1
9344;0;1586;0;1
9345;0;1586;0;1
9346;0;1586;0;1
9347;0;1586;0;1
9348;0;1586;0;1
9349;0;1586;0;1
9350;0;1586;0;1
9351;0;1586;0;1
9352;0;1586;0;1
9353;0;1586;0;1
9354;0;1586;0;1
9355;0;1586;0;1
9356;0;1586;0;1
9357;0;1586;0;1
9358;0;1586;0;1
9359;0;1586;0;1
9360;0;1586;0;1
9361;0;1586;0;1
9362;0;1586;0;1
9363;0;1586;0;1
9364;0;1586;0;1
9365;0;1586;0;1
9366;0;1586;0;1
9367;0;1586;0;1
9368;0;1586;0;1
9369;0;1586;0;1
9370;0;1586;0;1
9371;0;1586;0;1
9372;0;1586;0;1
9373;0;1586;0;1
9374;0;1586;0;1
9375;0;1586;0;1
9376;0;1586;0;1
9377;0;1586;0;1
9378;0;1586;0;1
9379;0;1586;0;1
9380;0;1586;0;1
9381;0;1586;0;1
9382;0;1586;0;1
9383;0;1586;0;1
9384;0;1586;0;1
9385;0;1586;0;1
9386;0;1586;0;1
9387;0;1586;0;1
9388;0;1586;0;1
9389;0;1586;0;1
9390;0;1586;0;1
9391;0;1586;0;1
9392;0;1586;0;1
9393;0;1586;0;1
9394;0;1586;0;1
9395;0;1586;0;1
9396;0;1586;0;1
9397;0;1586;0;1
9398;0;1586;0;1
9399;0;1586;0;1
9400;0;1586;0;1
9401;0;1586;0;1
9402;0;1586;0;1
9403;0;1586;0;1
9404;0;1586;0;1
9405;0;1586;0;1
9406;0;1586;0;1
9407;0;1586;0;1
9408;0;1586;0;1
9409;0;1586;0;1
9410;0;1586;0;1
9411;0;1586;0;1
9412;0;1586;0;1
9413;0;1586;0;1
9414;0;1586;0;1
9415;0;1586;0;1
9416;0;1586;0;1
9417;0;1586;0;1
9418;0;1586;0;1
9419;0;1586;0;1
9420;0;1586;0;1
9421;0;1586;0;1
9422;0;1586;0;1
9423;0;1586;0;1
9424;0;1586;0;1
9425;0;1586;0;1
9426;0;1586;0;1
9427;0;1586;0;1
9428;0;1586;0;1
9429;0;1586;0;1
9430;0;1586;0;1
9431;0;1586;0;1
9432;0;1586;0;1
9433;0;1586;0;1
9434;0;1586;0;1
9435;0;1586;0;1
9436;0;1586;0;1
9437;0;1586;0;1
9438;0;1586;0;1
9439;0;1586;0;1
9440;0;1586;0;1
9441;0;1586;0;1
9442;0;1586;0;1
9443;0;1586;0;1
9444;0;1586;0;1
9445;0;1586;0;1
9446;0;1586;0;1
9447;0;1586;0;1
9448;0;1586;0;1
9449;0;1586;0;1
9450;0;1586;0;1
9451;0;1586;0;1
9452;0;1586;0;1
9453;0;1586;0;1
9454;0;1586;0;1
9455;0;1586;0;1
9456;0;1586;0;1
9457;0;1586;0;1
9458;0;1586;0;1
9459;0;1586;0;1
9460;0;1586;0;1
9461;0;1586;0;1
9462;0;1586;0;1
9463;0;1586;0;1
9464;0;1586;0;1
9465;0;1586;0;1
9466;0;1586;0;1
9467;0;1586;0;1
9468;0;1586;0;1
9469;0;1586;0;1
9470;0;1586;0;1
9471;0;1586;0;1
9472;0;1586;0;1
9473;0;1586;0;1
9474;0;1586;0;1
9475;0;1586;0;1
9476;0;1586;0;1
9477;0;1586;0;1
9478;0;1586;0;1
9479;0;1586;0;1
9480;0;1586;0;1
9481;0;1586;0;1
9482;0;1586;0;1
9483;0;1586;0;1
9484;0;1586;0;1
9485;0;1586;0;1
9486;0;1586;0;1
9487;0;1586;0;1
9488;0;1586;0;1
9489;0;1586;0;1
9490;0;1586;0;1
9491;0;1586;0;1
9492;0;1586;0;1
9493;0;1586;0;1
9494;0;1586;0;1
9495;0;1586;0;1
9496;0;1586;0;1
9497;0;1586;0;1
9498;0;1586;0;1
9499;0;1586;0;1
9500;0;1586;0;1
9501;0;1586;0;1
9502;0;1586;0;1
9503;0;1586;0;1
9504;0;1586;0;1
9505;0;1586;0;1
9506;0;1586;0;1
9507;0;1586;0;1
9508;0;1586;0;1
9509;0;1586;0;1
9510;0;1586;0;1
9511;0;1586;0;1
9512;0;1586;0;1
9513;0;1586;0;1
9514;0;1586;0;1
9515;0;1586;0;1
9516;0;1586;0;1
9517;0;1586;0;1
9518;0;1586;0;1
9519;0;1586;0;1
9520;0;1586;0;1
9521;0;1586;0;1
9522;0;1586;0;1
9523;0;1586;0;1
9524;0;1586;0;1
9525;0;1586;0;1
9526;0;1586;0;1
9527;0;1586;0;1
9528;0;1586;0;1
9529;0;1586;0;1
9530;0;1586;0;1
9531;0;1586;0;1
9532;0;1586;0;1
9533;0;1586;0;1
9534;0;1586;0;1
9535;0;1586;0;1
9536;0;1586;0;1
9537;0;1586;0;1
9538;0;1586;0;1
9539;0;1586;0;1
9540;0;1586;0;1
9541;0;1586;0;1
9542;0;1586;0;1
9543;0;1586;0;1
9544;0;1586;0;1
9545;0;1586;0;1
9546;0;1586;0;1
9547;0;1586;0;1
9548;0;1586;0;1
9549;0;1586;0;1
9550;0;1586;0;1
9551;0;1586;0;1
9552;0;1586;0;1
9553;0;1586;0;1
9554;0;1586;0;1
9555;0;1586;0;1
9556;0;1586;0;1
9557;0;1586;0;1
9558;0;1586;0;1
9559;0;1586;0;1
9560;0;1586;0;1
9561;0;1586;0;1
9562;0;1586;0;1
9563;0;1586;0;1
9564;0;1586;0;1
9565;0;1586;0;1
9566;0;1586;0;1
9567;0;1586;0;1
9568;0;1586;0;1
9569;0;1586;0;1
9570;0;1586;0;1
9571;0;1586;0;1
9572;0;1586;0;1
9573;0;1586;0;1
9574;0;1586;0;1
9575;0;1586;0;1
9576;0;1586;0;1
9577;0;1586;0;1
9578;0;1586;0;1
9579;0;1586;0;1
9580;0;1586;0;1
9581;0;1586;0;1
9582;0;1586;0;1
9583;0;1586;0;1
9584;0;1586;0;1
9585;0;1586;0;1
9586;0;1586;0;1
9587;0;1586;0;1
9588;0;1586;0;1
9589;0;1586;0;1
9590;0;1586;0;1
9591;0;1586;0;1
9592;0;1586;0;1
9593;0;1586;0;1
9594;0;1586;0;1
9595;0;1586;0;1
9596;0;1586;0;1
9597;0;1586;0;1
9598;0;1586;0;1
9599;0;1586;0;1
9600;0;1586;0;1
9601;0;1586;0;1
9602;0;1586;0;1
9603;0;1586;0;1
9604;0;1586;0;1
9605;0;1586;0;1
9606;0;1586;0;1
9607;0;1586;0;1
9608;0;1586;0;1
9609;0;1586;0;1
9610;0;1586;0;1
9611;0;1586;0;1
9612;0;1586;0;1
9613;0;1586;0;1
9614;0;1586;0;1
9615;0;1586;0;1
9616;0;1586;0;1
9617;0;1586;0;1
9618;0;1586;0;1
9619;0;1586;0;1
9620;0;1586;0;1
9621;0;1586;0;1
9622;0;1586;0;1
9623;0;1586;0;1
9624;0;1586;0;1
9625;0;1586;0;1
9626;0;1586;0;1
9627;0;1586;0;1
9628;0;1586;0;1
9629;0;1586;0;1
9630;0;1586;0;1
9631;0;1586;0;1
9632;0;1586;0;1
9633;0;1586;0;1
9634;0;1586;0;1
9635;0;1586;0;1
9636;0;1586;0;1
9637;0;1586;0;1
9638;0;1586;0;1
9639;0;1586;0;1
9640;0;1586;0;1
9641;0;1586;0;1
9642;0;1586;0;1
9643;0;1586;0;1
9644;0;1586;0;1
9645;0;1586;0;1
9646;0;1586;0;1
9647;0;1586;0;1
9648;0;1586;0;1
9649;0;1586;0;1
9650;0;1586;0;1
9651;0;1586;0;1
9652;0;1586;0;1
9653;0;1586;0;1
9654;0;1586;0;1
9655;0;1586;0;1
9656;0;1586;0;1
9657;0;1586;0;1
9658;0;1586;0;1
9659;0;1586;0;1
9660;0;1586;0;1
9661;0;1586;0;1
9662;0;1586;0;1
9663;0;1586;0;1
9664;0;1586;0;1
9665;0;1586;0;1
9666;0;1586;0;1
9667;0;1586;0;1
9668;0;1586;0;1
9669;0;1586;0;1
9670;0;1586;0;1
9671;0;1586;0;1
9672;0;1586;0;1
9673;0;1586;0;1
9674;0;1586;0;1
9675;0;1586;0;1
9676;0;1586;0;1
9677;0;1586;0;1
9678;0;1586;0;1
9679;0;1586;0;1
9680;0;1586;0;1
9681;0;1586;0;1
9682;0;1586;0;1
9683;0;1586;0;1
9684;0;1586;0;1
9685;0;1586;0;1
9686;0;1586;0;1
9687;0;1586;0;1
9688;0;1586;0;1
9689;0;1586;0;1
9690;0;1586;0;1
9691;0;1586;0;1
9692;0;1586;0;1
9693;0;1586;0;1
9694;0;1586;0;1
9695;0;1586;0;1
9696;0;1586;0;1
9697;0;1586;0;1
9698;0;1586;0;1
9699;0;1586;0;1
9700;0;1586;0;1
9701;0;1586;0;1
9702;0;1586;0;1
9703;0;1586;0;1
9704;0;1586;0;1
9705;0;1586;0;1
9706;0;1586;0;1
9707;0;1586;0;1
9708;0;1586;0;1
9709;0;1586;0;1
9710;0;1586;0;1
9711;0;1586;0;1
9712;0;1586;0;1
9713;0;1586;0;1
9714;0;1586;0;1
9715;0;1586;0;1
9716;0;1586;0;1
9717;0;1586;0;1
9718;0;1586;0;1
9719;0;1586;0;1
9720;0;1586;0;1
9721;0;1586;0;1
9722;0;1586;0;1
9723;0;1586;0;1
9724;0;1586;0;1
9725;0;1586;0;1
9726;0;1586;0;1
9727;0;1586;0;1
9728;0;1586;0;1
9729;0;1586;0;1
9730;0;1586;0;1
9731;0;1586;0;1
9732;0;1586;0;1
9733;0;1586;0;1
9734;0;1586;0;1
9735;0;1586;0;1
9736;0;1586;0;1
9737;0;1586;0;1
9738;0;1586;0;1
9739;0;1586;0;1
9740;0;1586;0;1
9741;0;1586;0;1
9742;0;1586;0;1
9743;0;1586;0;1
9744;0;1586;0;1
9745;0;1586;0;1
9746;0;1586;0;1
9747;0;1586;0;1
9748;0;1586;0;1
9749;0;1586;0;1
9750;0;1586;0;1
9751;0;1586;0;1
9752;0;1586;0;1
9753;0;1586;0;1
9754;0;1586;0;1
9755;0;1586;0;1
9756;0;1586;0;1
9757;0;1586;0;1
9758;0;1586;0;1
9759;0;1586;0;1
9760;0;1586;0;1
9761;0;1586;0;1
9762;0;1586;0;1
9763;0;1586;0;1
9764;0;1586;0;1
9765;0;1586;0;1
9766;0;1586;0;1
9767;0;1586;0;1
9768;0;1586;0;1
9769;0;1586;0;1
9770;0;1586;0;1
9771;0;1586;0;1
9772;0;1586;0;1
9773;0;1586;0;1
9774;0;1586;0;1
9775;0;1586;0;1
9776;0;1586;0;1
9777;0;1586;0;1
9778;0;1586;0;1
9779;0;1586;0;1
9780;0;1586;0;1
9781;0;1586;0;1
9782;0;1586;0;1
9783;0;1586;0;1
9784;0;1586;0;1
9785;0;1586;0;1
9786;0;1586;0;1
9787;0;1586;0;1
9788;0;1586;0;1
9789;0;1586;0;1
9790;0;1586;0;1
9791;0;1586;0;1
9792;0;1586;0;1
9793;0;1586;0;1
9794;0;1586;0;1
9795;0;1586;0;1
9796;0;1586;0;1
9797;0;1586;0;1
9798;0;1586;0;1
9799;0;1586;0;1
9800;0;1586;0;1
9801;0;1586;0;1
9802;0;1586;0;1
9803;0;1586;0;1
9804;0;1586;0;1
9805;0;1586;0;1
9806;0;1586;0;1
9807;0;1586;0;1
9808;0;1586;0;1
9809;0;1586;0;1
9810;0;1586;0;1
9811;0;1586;0;1
9812;0;1586;0;1
9813;0;1586;0;1
9814;0;1586;0;1
9815;0;1586;0;1
9816;0;1586;0;1
9817;0;1586;0;1
9818;0;1586;0;1
9819;0;1586;0;1
9820;0;1586;0;1
9821;0;1586;0;1
9822;0;1586;0;1
9823;0;1586;0;1
9824;0;1586;0;1
9825;0;1586;0;1
9826;0;1586;0;1
9827;0;1586;0;1
9828;0;1586;0;1
9829;0;1586;0;1
9830;0;1586;0;1
9831;0;1586;0;1
9832;0;1586;0;1
9833;0;1586;0;1
9834;0;1586;0;1
9835;0;1586;0;1
9836;0;1586;0;1
9837;0;1586;0;1
9838;0;1586;0;1
9839;0;1586;0;1
9840;0;1586;0;1
9841;0;1586;0;1
9842;0;1586;0;1
9843;0;1586;0;1
9844;0;1586;0;1
9845;0;1586;0;1
9846;0;1586;0;1
9847;0;1586;0;1
9848;0;1586;0;1
9849;0;1586;0;1
9850;0;1586;0;1
9851;0;1586;0;1
9852;0;1586;0;1
9853;0;1586;0;1
9854;0;1586;0;1
9855;0;1586;0;1
9856;0;1586;0;1
9857;0;1586;0;1
9858;0;1586;0;1
9859;0;1586;0;1
9860;0;1586;0;1
9861;0;1586;0;1
9862;0;1586;0;1
9863;0;1586;0;1
9864;0;1586;0;1
9865;0;1586;0;1
9866;0;1586;0;1
9867;0;1586;0;1
9868;0;1586;0;1
9869;0;1586;0;1
9870;0;1586;0;1
9871;0;1586;0;1
9872;0;1586;0;1
9873;0;1586;0;1
9874;0;1586;0;1
9875;0;1586;0;1
9876;0;1586;0;1
9877;0;1586;0;1
9878;0;1586;0;1
9879;0;1586;0;1
9880;0;1586;0;1
9881;0;1586;0;1
9882;0;1586;0;1
9883;0;1586;0;1
9884;0;1586;0;1
9885;0;1586;0;1
9886;0;1586;0;1
9887;0;1586;0;1
9888;0;1586;0;1
9889;0;1586;0;1
9890;0;1586;0;1
9891;0;1586;0;1
9892;0;1586;0;1
9893;0;1586;0;1
9894;0;1586;0;1
9895;0;1586;0;1
9896;0;1586;0;1
9897;0;1586;0;1
9898;0;1586;0;1
9899;0;1586;0;1
9900;0;1586;0;1
9901;0;1586;0;1
9902;0;1586;0;1
9903;0;1586;0;1
9904;0;1586;0;1
9905;0;1586;0;1
9906;0;1586;0;1
9907;0;1586;0;1
9908;0;1586;0;1
9909;0;1586;0;1
9910;0;1586;0;1
9911;0;1586;0;1
9912;0;1586;0;1
9913;0;1586;0;1
9914;0;1586;0;1
9915;0;1586;0;1
9916;0;1586;0;1
9917;0;1586;0;1
9918;0;1586;0;1
9919;0;1586;0;1
9920;0;1586;0;1
9921;0;1586;0;1
9922;0;1586;0;1
9923;0;1586;0;1
9924;0;1586;0;1
9925;0;1586;0;1
9926;0;1586;0;1
9927;0;1586;0;1
9928;0;1586;0;1
9929;0;1586;0;1
9930;0;1586;0;1
9931;0;1586;0;1
9932;0;1586;0;1
9933;0;1586;0;1
9934;0;1586;0;1
9935;0;1586;0;1
9936;0;1586;0;1
9937;0;1586;0;1
9938;0;1586;0;1
9939;0;1586;0;1
9940;0;1586;0;1
9941;0;1586;0;1
9942;0;1586;0;1
9943;0;1586;0;1
9944;0;1586;0;1
9945;0;1586;0;1
9946;0;1586;0;1
9947;0;1586;0;1
9948;0;1586;0;1
9949;0;1586;0;1
9950;0;1586;0;1
9951;0;1586;0;1
9952;0;1586;0;1
9953;0;1586;0;1
9954;0;1586;0;1
9955;0;1586;0;1
9956;0;1586;0;1
9957;0;1586;0;1
9958;0;1586;0;1
9959;0;1586;0;1
9960;0;1586;0;1
9961;0;1586;0;1
9962;0;1586;0;1
9963;0;1586;0;1
9964;0;1586;0;1
9965;0;1586;0;1
9966;0;1586;0;1
9967;0;1586;0;1
9968;0;1586;0;1
9969;0;1586;0;1
9970;0;1586;0;1
9971;0;1586;0;1
9972;0;1586;0;1
9973;0;1586;0;1
9974;0;1586;0;1
9975;0;1586;0;1
9976;0;1586;0;1
9977;0;1586;0;1
9978;0;1586;0;1
9979;0;1586;0;1
9980;0;1586;0;1
9981;0;1586;0;1
9982;0;1586;0;1
9983;0;1586;0;1
9984;0;1586;0;1
9985;0;1586;0;1
9986;0;1586;0;1
9987;0;1586;0;1
9988;0;1586;0;1
9989;0;1586;0;1
9990;0;1586;0;1
9991;0;1586;0;1
9992;0;1586;0;1
9993;0;1586;0;1
9994;0;1586;0;1
9995;0;1586;0;1
9996;0;1586;0;1
9997;0;1586;0;1
9998;0;1586;0;1
9999;0;1586;0;1
10000;0;1586;0;1
10001;0;1586;0;1
10002;0;1586;0;1
10003;0;1586;0;1
10004;0;1586;0;1
10005;0;1586;0;1
10006;0;1586;0;1
10007;0;1586;0;1
10008;0;1586;0;1
10009;0;1586;0;1
10010;0;1586;0;1
10011;0;1586;0;1
10012;0;1586;0;1
10013;0;1586;0;1
10014;0;1586;0;1
10015;0;1586;0;1
10016;0;1586;0;1
10017;0;1586;0;1
10018;0;1586;0;1
10019;0;1586;0;1
10020;0;1586;0;1
10021;0;1586;0;1
10022;0;1586;0;1
10023;0;1586;0;1
10024;0;1586;0;1
10025;0;1586;0;1
10026;0;1586;0;1
10027;0;1586;0;1
10028;0;1586;0;1
10029;0;1586;0;1
10030;0;1586;0;1
10031;0;1586;0;1
10032;0;1586;0;1
10033;0;1586;0;1
10034;0;1586;0;1
10035;0;1586;0;1
10036;0;1586;0;1
10037;0;1586;0;1
10038;0;1586;0;1
10039;0;1586;0;1
10040;0;1586;0;1
10041;0;1586;0;1
10042;0;1586;0;1
10043;0;1586;0;1
10044;0;1586;0;1
10045;0;1586;0;1
10046;0;1586;0;1
10047;0;1586;0;1
10048;0;1586;0;1
10049;0;1586;0;1
10050;0;1586;0;1
10051;0;1586;0;1
10052;0;1586;0;1
10053;0;1586;0;1
10054;0;1586;0;1
10055;0;1586;0;1
10056;0;1586;0;1
10057;0;1586;0;1
10058;0;1586;0;1
10059;0;1586;0;1
10060;0;1586;0;1
10061;0;1586;0;1
10062;0;1586;0;1
10063;0;1586;0;1
10064;0;1586;0;1
10065;0;1586;0;1
10066;0;1586;0;1
10067;0;1586;0;1
10068;0;1586;0;1
10069;0;1586;0;1
10070;0;1586;0;1
10071;0;1586;0;1
10072;0;1586;0;1
10073;0;1586;0;1
10074;0;1586;0;1
10075;0;1586;0;1
10076;0;1586;0;1
10077;0;1586;0;1
10078;0;1586;0;1
10079;0;1586;0;1
